                  100                  900                  600   1.0134471042499318     
   1.5707963267948967E-002
   4.7123889803846901E-002
   7.8539816339744828E-002
  0.10995574287564278     
  0.14137166941154070     
  0.17278759594743864     
  0.20420352248333656     
  0.23561944901923451     
  0.26703537555513246     
  0.29845130209103038     
  0.32986722862692830     
  0.36128315516282622     
  0.39269908169872420     
  0.42411500823462212     
  0.45553093477052004     
  0.48694686130641796     
  0.51836278784231593     
  0.54977871437821380     
  0.58119464091411177     
  0.61261056745000975     
  0.64402649398590761     
  0.67544242052180559     
  0.70685834705770356     
  0.73827427359360143     
  0.76969020012949940     
  0.80110612666539727     
  0.83252205320129524     
  0.86393797973719322     
  0.89535390627309108     
  0.92676983280898906     
  0.95818575934488703     
  0.98960168588078490     
   1.0210176124166828     
   1.0524335389525807     
   1.0838494654884787     
   1.1152653920243767     
   1.1466813185602747     
   1.1780972450961724     
   1.2095131716320704     
   1.2409290981679684     
   1.2723450247038663     
   1.3037609512397643     
   1.3351768777756623     
   1.3665928043115600     
   1.3980087308474580     
   1.4294246573833560     
   1.4608405839192540     
   1.4922565104551520     
   1.5236724369910497     
   1.5550883635269477     
   1.5865042900628457     
   1.6179202165987436     
   1.6493361431346416     
   1.6807520696705394     
   1.7121679962064373     
   1.7435839227423353     
   1.7749998492782333     
   1.8064157758141313     
   1.8378317023500292     
   1.8692476288859270     
   1.9006635554218250     
   1.9320794819577229     
   1.9634954084936209     
   1.9949113350295189     
   2.0263272615654166     
   2.0577431881013148     
   2.0891591146372126     
   2.1205750411731104     
   2.1519909677090086     
   2.1834068942449063     
   2.2148228207808045     
   2.2462387473167023     
   2.2776546738526000     
   2.3090706003884982     
   2.3404865269243960     
   2.3719024534602942     
   2.4033183799961919     
   2.4347343065320897     
   2.4661502330679879     
   2.4975661596038856     
   2.5289820861397838     
   2.5603980126756816     
   2.5918139392115798     
   2.6232298657474775     
   2.6546457922833753     
   2.6860617188192735     
   2.7174776453551712     
   2.7488935718910694     
   2.7803094984269672     
   2.8117254249628649     
   2.8431413514987631     
   2.8745572780346609     
   2.9059732045705591     
   2.9373891311064568     
   2.9688050576423546     
   3.0002209841782528     
   3.0316369107141505     
   3.0630528372500487     
   3.0944687637859465     
   3.1258846903218442     
   1.0833333333333334E-002
   3.2500000000000001E-002
   5.4166666666666669E-002
   7.5833333333333336E-002
   9.7500000000000003E-002
  0.11916666666666667     
  0.14083333333333334     
  0.16250000000000001     
  0.18416666666666667     
  0.20583333333333334     
  0.22750000000000001     
  0.24916666666666668     
  0.27083333333333337     
  0.29249999999999998     
  0.31416666666666671     
  0.33583333333333332     
  0.35750000000000004     
  0.37916666666666665     
  0.40083333333333337     
  0.42249999999999999     
  0.44416666666666671     
  0.46583333333333332     
  0.48750000000000004     
  0.50916666666666666     
  0.53083333333333338     
  0.55249999999999999     
  0.57416666666666671     
  0.59583333333333333     
  0.61750000000000005     
  0.63916666666666666     
  0.66083333333333338     
  0.68250000000000000     
  0.70416666666666672     
  0.72583333333333333     
  0.74750000000000005     
  0.76916666666666667     
  0.79083333333333339     
  0.81250000000000000     
  0.83416666666666672     
  0.85583333333333333     
  0.87750000000000006     
  0.89916666666666667     
  0.92083333333333339     
  0.94250000000000000     
  0.96416666666666673     
  0.98583333333333334     
   1.0075000000000001     
   1.0291666666666668     
   1.0508333333333333     
   1.0725000000000000     
   1.0941666666666667     
   1.1158333333333335     
   1.1375000000000000     
   1.1591666666666667     
   1.1808333333333334     
   1.2025000000000001     
   1.2241666666666666     
   1.2458333333333333     
   1.2675000000000001     
   1.2891666666666668     
   1.3108333333333333     
   1.3325000000000000     
   1.3541666666666667     
   1.3758333333333335     
   1.3975000000000000     
   1.4191666666666667     
   1.4408333333333334     
   1.4625000000000001     
   1.4841666666666666     
   1.5058333333333334     
   1.5275000000000001     
   1.5491666666666668     
   1.5708333333333333     
   1.5925000000000000     
   1.6141666666666667     
   1.6358333333333335     
   1.6575000000000000     
   1.6791666666666667     
   1.7008333333333334     
   1.7225000000000001     
   1.7441666666666666     
   1.7658333333333334     
   1.7875000000000001     
   1.8091666666666668     
   1.8308333333333333     
   1.8525000000000000     
   1.8741666666666668     
   1.8958333333333335     
   1.9175000000000000     
   1.9391666666666667     
   1.9608333333333334     
   1.9825000000000002     
   2.0041666666666669     
   2.0258333333333334     
   2.0474999999999999     
   2.0691666666666668     
   2.0908333333333333     
   2.1125000000000003     
   2.1341666666666668     
   2.1558333333333333     
   2.1775000000000002     
   2.1991666666666667     
   2.2208333333333332     
   2.2425000000000002     
   2.2641666666666667     
   2.2858333333333336     
   2.3075000000000001     
   2.3291666666666666     
   2.3508333333333336     
   2.3725000000000001     
   2.3941666666666666     
   2.4158333333333335     
   2.4375000000000000     
   2.4591666666666669     
   2.4808333333333334     
   2.5024999999999999     
   2.5241666666666669     
   2.5458333333333334     
   2.5674999999999999     
   2.5891666666666668     
   2.6108333333333333     
   2.6325000000000003     
   2.6541666666666668     
   2.6758333333333333     
   2.6975000000000002     
   2.7191666666666667     
   2.7408333333333332     
   2.7625000000000002     
   2.7841666666666667     
   2.8058333333333336     
   2.8275000000000001     
   2.8491666666666666     
   2.8708333333333336     
   2.8925000000000001     
   2.9141666666666666     
   2.9358333333333335     
   2.9575000000000000     
   2.9791666666666670     
   3.0008333333333335     
   3.0225000000000000     
   3.0441666666666669     
   3.0658333333333334     
   3.0874999999999999     
   3.1091666666666669     
   3.1308333333333334     
   3.1525000000000003     
   3.1741666666666668     
   3.1958333333333333     
   3.2175000000000002     
   3.2391666666666667     
   3.2608333333333333     
   3.2825000000000002     
   3.3041666666666667     
   3.3258333333333336     
   3.3475000000000001     
   3.3691666666666666     
   3.3908333333333336     
   3.4125000000000001     
   3.4341666666666666     
   3.4558333333333335     
   3.4775000000000000     
   3.4991666666666670     
   3.5208333333333335     
   3.5425000000000000     
   3.5641666666666669     
   3.5858333333333334     
   3.6074999999999999     
   3.6291666666666669     
   3.6508333333333334     
   3.6725000000000003     
   3.6941666666666668     
   3.7158333333333333     
   3.7375000000000003     
   3.7591666666666668     
   3.7808333333333333     
   3.8025000000000002     
   3.8241666666666667     
   3.8458333333333337     
   3.8675000000000002     
   3.8891666666666667     
   3.9108333333333336     
   3.9325000000000001     
   3.9541666666666666     
   3.9758333333333336     
   3.9975000000000001     
   4.0191666666666670     
   4.0408333333333335     
   4.0625000000000000     
   4.0841666666666665     
   4.1058333333333339     
   4.1275000000000004     
   4.1491666666666669     
   4.1708333333333334     
   4.1924999999999999     
   4.2141666666666664     
   4.2358333333333338     
   4.2575000000000003     
   4.2791666666666668     
   4.3008333333333333     
   4.3224999999999998     
   4.3441666666666672     
   4.3658333333333337     
   4.3875000000000002     
   4.4091666666666667     
   4.4308333333333332     
   4.4525000000000006     
   4.4741666666666671     
   4.4958333333333336     
   4.5175000000000001     
   4.5391666666666666     
   4.5608333333333331     
   4.5825000000000005     
   4.6041666666666670     
   4.6258333333333335     
   4.6475000000000000     
   4.6691666666666665     
   4.6908333333333339     
   4.7125000000000004     
   4.7341666666666669     
   4.7558333333333334     
   4.7774999999999999     
   4.7991666666666672     
   4.8208333333333337     
   4.8425000000000002     
   4.8641666666666667     
   4.8858333333333333     
   4.9074999999999998     
   4.9291666666666671     
   4.9508333333333336     
   4.9725000000000001     
   4.9941666666666666     
   5.0158333333333331     
   5.0375000000000005     
   5.0591666666666670     
   5.0808333333333335     
   5.1025000000000000     
   5.1241666666666665     
   5.1458333333333339     
   5.1675000000000004     
   5.1891666666666669     
   5.2108333333333334     
   5.2324999999999999     
   5.2541666666666664     
   5.2758333333333338     
   5.2975000000000003     
   5.3191666666666668     
   5.3408333333333333     
   5.3624999999999998     
   5.3841666666666672     
   5.4058333333333337     
   5.4275000000000002     
   5.4491666666666667     
   5.4708333333333332     
   5.4925000000000006     
   5.5141666666666671     
   5.5358333333333336     
   5.5575000000000001     
   5.5791666666666666     
   5.6008333333333331     
   5.6225000000000005     
   5.6441666666666670     
   5.6658333333333335     
   5.6875000000000000     
   5.7091666666666665     
   5.7308333333333339     
   5.7525000000000004     
   5.7741666666666669     
   5.7958333333333334     
   5.8174999999999999     
   5.8391666666666673     
   5.8608333333333338     
   5.8825000000000003     
   5.9041666666666668     
   5.9258333333333333     
   5.9474999999999998     
   5.9691666666666672     
   5.9908333333333337     
   6.0125000000000002     
   6.0341666666666667     
   6.0558333333333332     
   6.0775000000000006     
   6.0991666666666671     
   6.1208333333333336     
   6.1425000000000001     
   6.1641666666666666     
   6.1858333333333340     
   6.2075000000000005     
   6.2291666666666670     
   6.2508333333333335     
   6.2725000000000000     
   6.2941666666666665     
   6.3158333333333339     
   6.3375000000000004     
   6.3591666666666669     
   6.3808333333333334     
   6.4024999999999999     
   6.4241666666666672     
   6.4458333333333337     
   6.4675000000000002     
   6.4891666666666667     
   6.5108333333333333     
   6.5325000000000006     
   6.5541666666666671     
   6.5758333333333336     
   6.5975000000000001     
   6.6191666666666666     
   6.6408333333333331     
   6.6625000000000005     
   6.6841666666666670     
   6.7058333333333335     
   6.7275000000000000     
   6.7491666666666665     
   6.7708333333333339     
   6.7925000000000004     
   6.8141666666666669     
   6.8358333333333334     
   6.8574999999999999     
   6.8791666666666673     
   6.9008333333333338     
   6.9225000000000003     
   6.9441666666666668     
   6.9658333333333333     
   6.9874999999999998     
   7.0091666666666672     
   7.0308333333333337     
   7.0525000000000002     
   7.0741666666666667     
   7.0958333333333332     
   7.1175000000000006     
   7.1391666666666671     
   7.1608333333333336     
   7.1825000000000001     
   7.2041666666666666     
   7.2258333333333340     
   7.2475000000000005     
   7.2691666666666670     
   7.2908333333333335     
   7.3125000000000000     
   7.3341666666666665     
   7.3558333333333339     
   7.3775000000000004     
   7.3991666666666669     
   7.4208333333333334     
   7.4424999999999999     
   7.4641666666666673     
   7.4858333333333338     
   7.5075000000000003     
   7.5291666666666668     
   7.5508333333333333     
   7.5725000000000007     
   7.5941666666666672     
   7.6158333333333337     
   7.6375000000000002     
   7.6591666666666667     
   7.6808333333333332     
   7.7025000000000006     
   7.7241666666666671     
   7.7458333333333336     
   7.7675000000000001     
   7.7891666666666666     
   7.8108333333333340     
   7.8325000000000005     
   7.8541666666666670     
   7.8758333333333335     
   7.8975000000000000     
   7.9191666666666674     
   7.9408333333333339     
   7.9625000000000004     
   7.9841666666666669     
   8.0058333333333334     
   8.0274999999999999     
   8.0491666666666664     
   8.0708333333333329     
   8.0925000000000011     
   8.1141666666666676     
   8.1358333333333341     
   8.1575000000000006     
   8.1791666666666671     
   8.2008333333333336     
   8.2225000000000001     
   8.2441666666666666     
   8.2658333333333331     
   8.2874999999999996     
   8.3091666666666661     
   8.3308333333333344     
   8.3525000000000009     
   8.3741666666666674     
   8.3958333333333339     
   8.4175000000000004     
   8.4391666666666669     
   8.4608333333333334     
   8.4824999999999999     
   8.5041666666666664     
   8.5258333333333329     
   8.5474999999999994     
   8.5691666666666677     
   8.5908333333333342     
   8.6125000000000007     
   8.6341666666666672     
   8.6558333333333337     
   8.6775000000000002     
   8.6991666666666667     
   8.7208333333333332     
   8.7424999999999997     
   8.7641666666666662     
   8.7858333333333345     
   8.8075000000000010     
   8.8291666666666675     
   8.8508333333333340     
   8.8725000000000005     
   8.8941666666666670     
   8.9158333333333335     
   8.9375000000000000     
   8.9591666666666665     
   8.9808333333333330     
   9.0024999999999995     
   9.0241666666666678     
   9.0458333333333343     
   9.0675000000000008     
   9.0891666666666673     
   9.1108333333333338     
   9.1325000000000003     
   9.1541666666666668     
   9.1758333333333333     
   9.1974999999999998     
   9.2191666666666663     
   9.2408333333333328     
   9.2625000000000011     
   9.2841666666666676     
   9.3058333333333341     
   9.3275000000000006     
   9.3491666666666671     
   9.3708333333333336     
   9.3925000000000001     
   9.4141666666666666     
   9.4358333333333331     
   9.4574999999999996     
   9.4791666666666679     
   9.5008333333333344     
   9.5225000000000009     
   9.5441666666666674     
   9.5658333333333339     
   9.5875000000000004     
   9.6091666666666669     
   9.6308333333333334     
   9.6524999999999999     
   9.6741666666666664     
   9.6958333333333329     
   9.7175000000000011     
   9.7391666666666676     
   9.7608333333333341     
   9.7825000000000006     
   9.8041666666666671     
   9.8258333333333336     
   9.8475000000000001     
   9.8691666666666666     
   9.8908333333333331     
   9.9124999999999996     
   9.9341666666666661     
   9.9558333333333344     
   9.9775000000000009     
   9.9991666666666674     
   10.020833333333334     
   10.042500000000000     
   10.064166666666667     
   10.085833333333333     
   10.107500000000000     
   10.129166666666666     
   10.150833333333333     
   10.172500000000001     
   10.194166666666668     
   10.215833333333334     
   10.237500000000001     
   10.259166666666667     
   10.280833333333334     
   10.302500000000000     
   10.324166666666667     
   10.345833333333333     
   10.367500000000000     
   10.389166666666666     
   10.410833333333334     
   10.432500000000001     
   10.454166666666667     
   10.475833333333334     
   10.497500000000000     
   10.519166666666667     
   10.540833333333333     
   10.562500000000000     
   10.584166666666667     
   10.605833333333333     
   10.627500000000000     
   10.649166666666668     
   10.670833333333334     
   10.692500000000001     
   10.714166666666667     
   10.735833333333334     
   10.757500000000000     
   10.779166666666667     
   10.800833333333333     
   10.822500000000000     
   10.844166666666666     
   10.865833333333335     
   10.887500000000001     
   10.909166666666668     
   10.930833333333334     
   10.952500000000001     
   10.974166666666667     
   10.995833333333334     
   11.017500000000000     
   11.039166666666667     
   11.060833333333333     
   11.082500000000000     
   11.104166666666668     
   11.125833333333334     
   11.147500000000001     
   11.169166666666667     
   11.190833333333334     
   11.212500000000000     
   11.234166666666667     
   11.255833333333333     
   11.277500000000000     
   11.299166666666666     
   11.320833333333333     
   11.342500000000001     
   11.364166666666668     
   11.385833333333334     
   11.407500000000001     
   11.429166666666667     
   11.450833333333334     
   11.472500000000000     
   11.494166666666667     
   11.515833333333333     
   11.537500000000000     
   11.559166666666668     
   11.580833333333334     
   11.602500000000001     
   11.624166666666667     
   11.645833333333334     
   11.667500000000000     
   11.689166666666667     
   11.710833333333333     
   11.732500000000000     
   11.754166666666666     
   11.775833333333333     
   11.797500000000001     
   11.819166666666668     
   11.840833333333334     
   11.862500000000001     
   11.884166666666667     
   11.905833333333334     
   11.927500000000000     
   11.949166666666667     
   11.970833333333333     
   11.992500000000000     
   12.014166666666666     
   12.035833333333334     
   12.057500000000001     
   12.079166666666667     
   12.100833333333334     
   12.122500000000000     
   12.144166666666667     
   12.165833333333333     
   12.187500000000000     
   12.209166666666667     
   12.230833333333333     
   12.252500000000001     
   12.274166666666668     
   12.295833333333334     
   12.317500000000001     
   12.339166666666667     
   12.360833333333334     
   12.382500000000000     
   12.404166666666667     
   12.425833333333333     
   12.447500000000000     
   12.469166666666666     
   12.490833333333335     
   12.512500000000001     
   12.534166666666668     
   12.555833333333334     
   12.577500000000001     
   12.599166666666667     
   12.620833333333334     
   12.642500000000000     
   12.664166666666667     
   12.685833333333333     
   12.707500000000000     
   12.729166666666668     
   12.750833333333334     
   12.772500000000001     
   12.794166666666667     
   12.815833333333334     
   12.837500000000000     
   12.859166666666667     
   12.880833333333333     
   12.902500000000000     
   12.924166666666666     
   12.945833333333335     
   12.967500000000001     
   12.989166666666668     
   13.010833333333334     
   13.032791353925417     
   13.055044646309522     
   13.077597181036221     
   13.100452982048491     
   13.123616127399687     
   13.147090749981178     
   13.170881038259751     
   13.194991237024940     
   13.219425648146412     
   13.244188631341521     
   13.269284604953192     
   13.294718046738273     
   13.320493494666474     
   13.346615547730053     
   13.373088866764400     
   13.399918175279645     
   13.427108260303447     
   13.454663973235128     
   13.482590230711283     
   13.510892015483030     
   13.539574377305062     
   13.568642433836649     
   13.598101371554760     
   13.627956446679459     
   13.658212986111749     
   13.688876388384028     
   13.719952124623319     
   13.751445739527464     
   13.783362852354431     
   13.815709157924939     
   13.848490427638554     
   13.881712510503453     
   13.915381334180037     
   13.949502906038571     
   13.984083314231059     
   14.019128728777517     
   14.054645402666862     
   14.090639672972609     
   14.127117961983558     
   14.164086778349695     
   14.201552718243505     
   14.239522466536888     
   14.278002797993917     
   14.317000578479620     
   14.356522766185030     
   14.396576412868701     
   14.437168665114916     
   14.478306765608826     
   14.519998054428722     
   14.562249970355692     
   14.605070052200892     
   14.648465940150656     
   14.692445377129697     
   14.737016210182651     
   14.782186391874172     
   14.827963981707887     
   14.874357147564409     
   14.921374167158687     
   14.969023429516970     
   15.017313436473616     
   15.066252804188039     
   15.115850264682043     
   15.166114667397842     
   15.217054980777021     
   15.268680293860735     
   15.320999817911421     
   15.374022888056322     
   15.427758964953114     
   15.482217636477920     
   15.537408619436032     
   15.593341761295639     
   15.650027041944858     
   15.707474575472403     
   15.765694611972195     
   15.824697539372234     
   15.884493885288073     
   15.945094318901207     
   16.006509652862729     
   16.068750845222574     
   16.131829001384723     
   16.195755376088677     
   16.260541375417596     
   16.326198558833426     
   16.392738641239404     
   16.460173495070297     
   16.528515152410733     
   16.597775807142039     
   16.667967817117933     
   16.739103706369487     
   16.811196167339720     
   16.884258063148252     
   16.958302429886420     
   17.033342478943236     
   17.109391599362638     
   17.186463360232437     
   17.264571513105377     
   17.343729994452769     
   17.423952928151106     
   17.505254628002120     
   17.587649600286728     
   17.671152546353316     
   17.755778365240836     
   17.841542156337173     
   17.928459222073254     
   18.016545070653386     
   18.105815418822317     
   18.196286194669504     
   18.287973540471082     
   18.380893815570051     
   18.475063599295208     
   18.570499693919313     
   18.667219127657035     
   18.765239157703220     
   18.864577273312019     
   18.965251198917400     
   19.067278897295648     
   19.170678572770367     
   19.275468674460605     
   19.381667899572633     
   19.489295196736006     
   19.598369769384469     
   19.708911079182354     
   19.820938849497015     
   19.934473068917985     
   20.049533994823445     
   20.166142156994649     
   20.284318361278963     
   20.404083693302148     
   20.525459522230577     
   20.648467504584026     
   20.773129588099756     
   20.899468015648537     
   21.027505329203340     
   21.157264373861395     
   21.288768301920339     
   21.422040577009167     
   21.557104978274740     
   21.693985604624586     
   21.832706879026755     
   21.973293552867492     
   22.115770710367517     
   22.260163773057677     
   22.406498504314801     
   22.554801013958524     
   22.705097762909954     
   22.857415567912959     
   23.011781606318959     
   23.168223420936055     
   23.326768924943355     
   23.487446406871399     
   23.650284535649547     
   23.815312365721237     
   23.982559342228040     
   24.152055306263417     
   24.323830500197122     
   24.497915573071204     
   24.674341586068582     
   24.853140018055136     
   25.034342771196336     
   25.217982176649400     
   25.404091000331988     
   25.592702448768467     
   25.783850175014802     
   25.977568284663111     
   26.173891341926957     
   26.372854375808497     
   26.574492886348526     
   26.778842850960586     
   26.985940730850256     
   27.195823477520740     
   27.408528539365964     
   27.624093868352311     
   27.842557926790207     
   28.063959694196782     
   28.288338674250792     
   28.515734901841082     
   28.746188950209820     
   28.979741938191790     
   29.216435537551035     
   29.456311980416157     
   29.699414066815589     
   29.945785172314210     
   30.195469255752641     
   30.448510867090619     
   30.704955155355830     
   30.964847876699643     
   31.228235402561165     
   31.495164727941077     
   31.765683479786738     
   32.039839925490028     
   32.317682981499480     
   32.599262222048210     
   32.884627887999216     
   33.173830895809616     
   33.466922846615439     
   33.763956035438561     
   34.064983460517482     
   34.370058832763526     
   34.679236585344249     
   34.992571883395684     
   35.310120633865196     
   35.631939495486712     
   35.958085888890047     
   36.288618006846214     
   36.623594824650489     
   36.963076110645090     
   37.307122436883361     
   37.655795189937365     
   38.009156581850796     
   38.367269661239185     
   38.730198324539373     
   39.098007327410251     
   39.470762296286793     
   39.848529740089504     
   40.231377062091255     
   40.619372571943771     
   41.012585497865778     
   41.411085998995084     
   41.814945177906722     
   42.224235093299477     
   42.639028772852967     
   43.059400226257623     
   43.485424458419907     
   43.917177482845076     
   44.354736335199917     
   44.798179087057846     
   45.247584859828891     
   45.703033838876905     
   46.164607287826705     
   46.632387563063531     
   47.106458128427533     
   47.586903570105811     
   48.073809611724741     
   48.567263129645241     
   49.067352168463714     
   49.574165956721423     
   50.087794922825140     
   50.608330711181836     
   51.135866198550389     
   51.670495510613122     
   52.212314038770231     
   52.761418457160012     
   53.317906739907983     
   53.881878178607927     
   54.453433400038058     
   55.032674384115353     
   55.619704482091365     
   56.214628434992711     
   56.817552392309501     
   57.428583930935112     
   58.047832074360613     
   58.675407312127341     
   59.311421619540994     
   59.955988477650884     
   60.609222893497829     
   61.271241420634311     
   61.942162179920579     
   62.622104880600418     
   63.311190841660277     
   64.009543013475678     
   64.717285999748640     
   65.434546079740173     
   66.161451230801674     
   66.898131151209299     
   67.644717283305482     
   68.401342836951514     
   69.168142813295589     
   69.945254028860404     
   70.732815139954710     
   71.530966667413097     
   72.339851021668466     
   73.159612528161645     
   73.990397453092712     
   74.832354029518598     
   75.685632483801598     
   76.550385062413568     
   77.426766059100530     
   78.314931842412605     
   79.215040883604090     
   80.127253784908788     
   81.051733308195466     
   81.988644404008710     
   82.938154241000262     
   83.900432235756185     
   84.875650083024993     
   85.863981786352426     
   86.865603689128022     
   87.880694506049252     
   88.909435355008767     
   89.952009789410411     
   91.008603830919768     
   92.079406002655148     
   93.164607362824910     
   94.264401538817040     
   95.378984761747205     
   96.508555901471340     
   97.653316502069060     
   98.813470817804230     
   99.989225849569095     
