                    1   1.3999996471790368E-003   1.1651462857865520       0.70394242193935352       0.17578820233896586        2.6239704891252806E-006
                    2   1.3999999514696093E-003   1.1635003688744852       0.70841538963719874       0.17109784826927385        2.6851089572723593E-006
                    3   1.4000000004669372E-003   1.1648782329611409       0.70312854013823567       0.17367132844635536        2.6450844494305576E-006
                    4   1.4000000097527002E-003   1.1643238194668823       0.70614016888125597       0.17206063574287933        2.6699947323834381E-006
                    5   1.4000000127034106E-003   1.1648979456233890       0.70405727098858795       0.17317847709408435        2.6536368778900560E-006
                    6   1.4000000140962168E-003   1.1646389412411948       0.70537233813522848       0.17246336519234506        2.6646881511791157E-006
                    7   1.4000000150809720E-003   1.1648743414024612       0.70448040494666564       0.17292450884224603        2.6578305814426099E-006
                    8   1.4000000157111834E-003   1.1647567943104828       0.70504634698081370       0.17260006680060075        2.6627294937254216E-006
                    9   1.4000000161951574E-003   1.1648584639940149       0.70465430338663948       0.17279407157055976        2.6597900387475722E-006
                   10   1.4000000165136589E-003   1.1648072690713041       0.70489937712058870       0.17264721833068924        2.6619740582012752E-006
                   11   1.4000000167571143E-003   1.1648527368122557       0.70472551760154833       0.17272951738538633        2.6607100167544964E-006
                   12   1.4000000169189766E-003   1.1648310543910796       0.70483192223016400       0.17266281337356770        2.6616917430152878E-006
                   13   1.4000000170416626E-003   1.1648518260212866       0.70475438900750687       0.17269752914315978        2.6611513970422358E-006
                   14   1.4000000171239398E-003   1.1648428874486152       0.70480049742921291       0.17266695280536379        2.6615969141169796E-006
                   15   1.4000000171858337E-003   1.1648525431759298       0.70476572310874108       0.17268134979372529        2.6613687933617413E-006
                    1   1.3999996471790368E-003   1.1651462857865520       0.70394242193935352       0.17578820233896586        2.6239704891252806E-006
                    2   1.3999999514696093E-003   1.1635003688744852       0.70841538963719874       0.17109784826927385        2.6851089572723593E-006
                    3   1.4000000004669372E-003   1.1648782329611409       0.70312854013823567       0.17367132844635536        2.6450844494305576E-006
                    4   1.4000000097527002E-003   1.1643238194668823       0.70614016888125597       0.17206063574287933        2.6699947323834381E-006
                    5   1.4000000127034106E-003   1.1648979456233890       0.70405727098858795       0.17317847709408435        2.6536368778900560E-006
                    6   1.4000000140962168E-003   1.1646389412411948       0.70537233813522848       0.17246336519234506        2.6646881511791157E-006
                    7   1.4000000150809720E-003   1.1648743414024612       0.70448040494666564       0.17292450884224603        2.6578305814426099E-006
                    8   1.4000000157111834E-003   1.1647567943104828       0.70504634698081370       0.17260006680060075        2.6627294937254216E-006
                    9   1.4000000161951574E-003   1.1648584639940149       0.70465430338663948       0.17279407157055976        2.6597900387475722E-006
                   10   1.4000000165136589E-003   1.1648072690713041       0.70489937712058870       0.17264721833068924        2.6619740582012752E-006
                   11   1.4000000167571143E-003   1.1648527368122557       0.70472551760154833       0.17272951738538633        2.6607100167544964E-006
                   12   1.4000000169189766E-003   1.1648310543910796       0.70483192223016400       0.17266281337356770        2.6616917430152878E-006
                   13   1.4000000170416626E-003   1.1648518260212866       0.70475438900750687       0.17269752914315978        2.6611513970422358E-006
                   14   1.4000000171239398E-003   1.1648428874486152       0.70480049742921291       0.17266695280536379        2.6615969141169796E-006
                   15   1.4000000171858337E-003   1.1648525431759298       0.70476572310874108       0.17268134979372529        2.6613687933617413E-006
                   16   1.4000000172276598E-003   1.1648489956555943       0.70478559102738714       0.17266714993771992        2.6615732770522742E-006
                   17   1.4000000172589109E-003   1.1648535678872787       0.70476988528262974       0.17267294419112650        2.6614788982400997E-006
                   18   1.4000000172801779E-003   1.1648522478659091       0.70477836600610422       0.17266623949284854        2.6615740658416605E-006
                   19   1.4000000172959761E-003   1.1648544589023060       0.70477121053347824       0.17266845252677818        2.6615362915973030E-006
                   20   1.4000000173067871E-003   1.1648540281870787       0.70477477737202499       0.17266522366772002        2.6615813362762781E-006
                   21   1.4000000173147774E-003   1.1648551232179840       0.70477148136512180       0.17266598796682653        2.6615670609150772E-006
                   22   1.4000000173202795E-003   1.1648550268689668       0.70477294691720904       0.17266439683563578        2.6615888155170148E-006
                   23   1.4000000173243245E-003   1.1648555836813084       0.70477140732544152       0.17266460374029433        2.6615839879750473E-006
                   24   1.4000000173271230E-003   1.1648555986859084       0.70477198773098659       0.17266379851825164        2.6615947518044007E-006
                   25   1.4000000173291730E-003   1.1648558897912353       0.70477125549494590       0.17266380947278009        2.6615935274639915E-006
                   26   1.4000000173305946E-003   1.1648559318100971       0.70477147095107429       0.17266339106309481        2.6615989906545248E-006
                   27   1.4000000173316348E-003   1.1648560880277237       0.70477111574028373       0.17266334631025865        2.6615990103360684E-006
                   28   1.4000000173323569E-003   1.1648561282799910       0.70477118575921949       0.17266312226922959        2.6616018656956461E-006
                   29   1.4000000173328814E-003   1.1648562145840402       0.70477100857746067       0.17266307227181371        2.6616022149142254E-006
                   30   1.4000000173332462E-003   1.1648562457094398       0.70477102436705152       0.17266294894315032        2.6616037519380227E-006
                   31   1.4000000173335090E-003   1.1648562944640575       0.70477093366070309       0.17266290814739346        2.6616041173326384E-006
                   32   1.4000000173336935E-003   1.1648563164664354       0.70477093112311362       0.17266283871839824        2.6616049648222944E-006
                   33   1.4000000173335465E-003   1.1648563445645275       0.70477088343449479       0.17266280920767135        5.9886121149110965E-008
                   34   1.4000000173333316E-003   1.1648563593151904       0.70477087663466764       0.17266276920990231        1.3474379057942877E-009
                   35   1.4000000173335476E-003   1.1648563758554564       0.70477085054260091       0.17266274926603981        3.0317355855363170E-011
                   36   1.4000000173335476E-003   1.1648563853818170       0.70477084440475812       0.17266272565020507        6.8214056244443075E-013
                   37   1.4000000173337557E-003   1.1648563952522188       0.70477082967677795       0.17266271264615232        1.5348163588827267E-014
                   38   1.4000000173337557E-003   1.1648564012948404       0.70477082510281719       0.17266269850000571        3.4533369803793727E-016
                   39   1.4000000173337557E-003   1.1648564073219576       0.70477081633555239       0.17266269039189294        7.7700084972241040E-018
                   40   1.4000000173337557E-003   1.1648564110140989       0.70477081352873139       0.17266268160097953        1.7482519658899610E-019
                    1   1.3999931538957494E-003   1.1567922003399773       0.71639768171901141       0.15597083268251508        2.5928950724048446E-006
                    2   1.3999920959801640E-003   1.1550869111617605       0.72126646956543172       0.15069493977747023        2.6538393778388069E-006
                    3   1.3999919389469471E-003   1.1559126103441235       0.71720498857398218       0.15212554733962064        2.6309805699694580E-006
                    4   1.3999919164220701E-003   1.1557148240631014       0.71870945745573089       0.15115730000964905        2.6436365657344432E-006
                    5   1.3999919138242354E-003   1.1559919987548146       0.71777648245377990       0.15157744597277184        2.6380817488419449E-006
                    6   1.3999919139646340E-003   1.1559649067247602       0.71817277734022766       0.15131323995070442        2.6417459413758117E-006
                    7   1.3999919143858146E-003   1.1560493716139271       0.71792472351765302       0.15139822977472944        2.6406090452985807E-006
                    8   1.3999919147308477E-003   1.1560516031163015       0.71801700112450895       0.15130970448708564        2.6417671448086900E-006
                    9   1.3999919149921614E-003   1.1560807099987129       0.71794407582309805       0.15131612898045554        2.6416269926564272E-006
                   10   1.3999919151815663E-003   1.1560870415049491       0.71796097473741127       0.15128136851562218        2.6420427868352573E-006
                   11   1.3999919153206103E-003   1.1560991054633827       0.71793667331995170       0.15127398612092474        2.6420952353109524E-006
                   12   1.3999919154214725E-003   1.1561042958808194       0.71793683668205643       0.15125805947162141        2.6422710659309282E-006
                   13   1.3999919154952544E-003   1.1561101757278980       0.71792731676196953       0.15125077913239987        2.6423376643179193E-006
                   14   1.3999919155489387E-003   1.1561136587659617       0.71792485480916568       0.15124249113014954        2.6424243420958446E-006
                   15   1.3999919155881649E-003   1.1561168359446563       0.71792045828912932       0.15123735263715160        2.6424737419077534E-006
                   16   1.3999919156167597E-003   1.1561190225316866       0.71791831626135738       0.15123267303852872        2.6425212126610753E-006
                   17   1.3999919156376501E-003   1.1561208404080967       0.71791601439685249       0.15122936023291256        2.6425535821516840E-006
                   18   1.3999919156528953E-003   1.1561221800582229       0.71791455318146213       0.15122659620540058        2.6425811933419372E-006
                   19   1.3999919156640320E-003   1.1561232512336677       0.71791325344410728       0.15122453118136209        2.6426014942599163E-006
                   20   1.3999919156721628E-003   1.1561240605575078       0.71791233570994650       0.15122286172904389        2.6426180557291711E-006
                   21   1.3999919156781030E-003   1.1561246990266354       0.71791157046472487       0.15122158180257672        2.6426306354715896E-006
                   22   1.3999919156824421E-003   1.1561251902854521       0.71791100083795412       0.15122056567322895        2.6426406697898340E-006
                   23   1.3999919156856134E-003   1.1561255751630735       0.71791054363776252       0.15121977664114067        2.6426484296484543E-006
                   24   1.3999919156879312E-003   1.1561258729667330       0.71791019442192128       0.15121915204885092        2.6426545780381329E-006
                   25   1.3999919156896213E-003   1.1561261065442321       0.71790991634517187       0.15121866620176661        2.6426593491955998E-006
                   26   1.3999919156908605E-003   1.1561262878951328       0.71790970304883928       0.15121828309666224        2.6426631178424887E-006
                   27   1.3999919156917643E-003   1.1561264297573359       0.71790953455789108       0.15121798342508114        2.6426660606319089E-006
                   28   1.3999919156924259E-003   1.1561265403098591       0.71790940388475100       0.15121774765515317        2.6426683770758964E-006
                   29   1.3999919156929090E-003   1.1561266267662251       0.71790930119279583       0.15121756280234325        2.6426701914512573E-006
                   30   1.3999919156932592E-003   1.1561266942879671       0.71790922105703270       0.15121741754251844        2.6426716168950920E-006
                   31   1.3999919156935158E-003   1.1561267471008576       0.71790915832895130       0.15121730341189032        2.6426727366749162E-006
                   32   1.3999919156937059E-003   1.1561267884302961       0.71790910916374040       0.15121721382189551        2.6426736152905537E-006
                   33   1.3999919156938428E-003   1.1561268207619695       0.71790907065546194       0.15121714340386477        2.6426743054347867E-006
                   34   1.3999919156939442E-003   1.1561268460841263       0.71790904054697269       0.15121708803599088        2.6426748483691992E-006
                   35   1.3999919156940182E-003   1.1561268659250874       0.71790901683998931       0.15121704458364837        2.6426752738748136E-006
                   36   1.3999919156940711E-003   1.1561268814535379       0.71790899840584232       0.15121701030713880        2.6426756100007898E-006
                   37   1.3999919156941127E-003   1.1561268936559237       0.71790898375149204       0.15121698348986368        2.6426758722889626E-006
                   38   1.3999919156941390E-003   1.1561269031930321       0.71790897246494900       0.15121696225781392        2.6426760805752791E-006
                   39   1.3999919156941615E-003   1.1561269107087702       0.71790896338715360       0.15121694570584202        2.6426762422466066E-006
                   40   1.3999919156941760E-003   1.1561269165718848       0.71790895648153019       0.15121693253902380        2.6426763715098068E-006
                   41   1.3999919156941890E-003   1.1561269212086025       0.71790895083906658       0.15121692232793799        2.6426764710776590E-006
                   42   1.3999919156941949E-003   1.1561269248147945       0.71790894662499760       0.15121691414952182        2.6426765514792325E-006
                    1   1.3999996471790368E-003   1.1651462857865520       0.70394242193935352       0.17578820233896586        2.6239704891252806E-006
                    2   1.3999999514696093E-003   1.1635003688744852       0.70841538963719874       0.17109784826927385        2.6851089572723593E-006
                    3   1.4000000004669372E-003   1.1648782329611409       0.70312854013823567       0.17367132844635536        2.6450844494305576E-006
                    4   1.4000000097527002E-003   1.1643238194668823       0.70614016888125597       0.17206063574287933        2.6699947323834381E-006
                    5   1.4000000127034106E-003   1.1648979456233890       0.70405727098858795       0.17317847709408435        2.6536368778900560E-006
                    6   1.4000000140962168E-003   1.1646389412411948       0.70537233813522848       0.17246336519234506        2.6646881511791157E-006
                    7   1.4000000150809720E-003   1.1648743414024612       0.70448040494666564       0.17292450884224603        2.6578305814426099E-006
                    8   1.4000000157111834E-003   1.1647567943104828       0.70504634698081370       0.17260006680060075        2.6627294937254216E-006
                    9   1.4000000161951574E-003   1.1648584639940149       0.70465430338663948       0.17279407157055976        2.6597900387475722E-006
                   10   1.4000000165136589E-003   1.1648072690713041       0.70489937712058870       0.17264721833068924        2.6619740582012752E-006
                   11   1.4000000167571143E-003   1.1648527368122557       0.70472551760154833       0.17272951738538633        2.6607100167544964E-006
                   12   1.4000000169189766E-003   1.1648310543910796       0.70483192223016400       0.17266281337356770        2.6616917430152878E-006
                   13   1.4000000170416626E-003   1.1648518260212866       0.70475438900750687       0.17269752914315978        2.6611513970422358E-006
                   14   1.4000000171239398E-003   1.1648428874486152       0.70480049742921291       0.17266695280536379        2.6615969141169796E-006
                   15   1.4000000171858337E-003   1.1648525431759298       0.70476572310874108       0.17268134979372529        2.6613687933617413E-006
                   16   1.4000000172276598E-003   1.1648489956555943       0.70478559102738714       0.17266714993771992        2.6615732770522742E-006
                   17   1.4000000172589109E-003   1.1648535678872787       0.70476988528262974       0.17267294419112650        2.6614788982400997E-006
                   18   1.4000000172801779E-003   1.1648522478659091       0.70477836600610422       0.17266623949284854        2.6615740658416605E-006
                   19   1.4000000172959761E-003   1.1648544589023060       0.70477121053347824       0.17266845252677818        2.6615362915973030E-006
                   20   1.4000000173067871E-003   1.1648540281870787       0.70477477737202499       0.17266522366772002        2.6615813362762781E-006
                   21   1.4000000173147774E-003   1.1648551232179840       0.70477148136512180       0.17266598796682653        2.6615670609150772E-006
                   22   1.4000000173202795E-003   1.1648550268689668       0.70477294691720904       0.17266439683563578        2.6615888155170148E-006
                   23   1.4000000173243245E-003   1.1648555836813084       0.70477140732544152       0.17266460374029433        2.6615839879750473E-006
                   24   1.4000000173271230E-003   1.1648555986859084       0.70477198773098659       0.17266379851825164        2.6615947518044007E-006
                   25   1.4000000173291730E-003   1.1648558897912353       0.70477125549494590       0.17266380947278009        2.6615935274639915E-006
                   26   1.4000000173305946E-003   1.1648559318100971       0.70477147095107429       0.17266339106309481        2.6615989906545248E-006
                   27   1.4000000173316348E-003   1.1648560880277237       0.70477111574028373       0.17266334631025865        2.6615990103360684E-006
                   28   1.4000000173323569E-003   1.1648561282799910       0.70477118575921949       0.17266312226922959        2.6616018656956461E-006
                   29   1.4000000173328814E-003   1.1648562145840402       0.70477100857746067       0.17266307227181371        2.6616022149142254E-006
                   30   1.4000000173332462E-003   1.1648562457094398       0.70477102436705152       0.17266294894315032        2.6616037519380227E-006
                   31   1.4000000173335090E-003   1.1648562944640575       0.70477093366070309       0.17266290814739346        2.6616041173326384E-006
                   32   1.4000000173336935E-003   1.1648563164664354       0.70477093112311362       0.17266283871839824        2.6616049648222944E-006
                   33   1.4000000173335465E-003   1.1648563445645275       0.70477088343449479       0.17266280920767135        5.9886121149110965E-008
                   34   1.4000000173333316E-003   1.1648563593151904       0.70477087663466764       0.17266276920990231        1.3474379057942877E-009
                   35   1.4000000173335476E-003   1.1648563758554564       0.70477085054260091       0.17266274926603981        3.0317355855363170E-011
                   36   1.4000000173335476E-003   1.1648563853818170       0.70477084440475812       0.17266272565020507        6.8214056244443075E-013
                   37   1.4000000173337557E-003   1.1648563952522188       0.70477082967677795       0.17266271264615232        1.5348163588827267E-014
                   38   1.4000000173337557E-003   1.1648564012948404       0.70477082510281719       0.17266269850000571        3.4533369803793727E-016
                   39   1.4000000173337557E-003   1.1648564073219576       0.70477081633555239       0.17266269039189294        7.7700084972241040E-018
                   40   1.4000000173337557E-003   1.1648564110140989       0.70477081352873139       0.17266268160097953        1.7482519658899610E-019
                    1   1.3599996610588901E-003   1.1636435007693242       0.70674458022780706       0.17018072444731419        2.5074787452174511E-006
                    2   1.3599999534629381E-003   1.1619831874858289       0.71124415159791154       0.16520324727289645        2.5670243757062816E-006
                    3   1.3600000006199783E-003   1.1634497970165065       0.70573341507306131       0.16812935218043079        2.5259328767018490E-006
                    4   1.3600000095657038E-003   1.1628121125595541       0.70904841952755615       0.16624715344174701        2.5524793142446467E-006
                    5   1.3600000124447630E-003   1.1634562668314832       0.70669817967452297       0.16760017470925831        2.5343835015297331E-006
                    6   1.3600000137864083E-003   1.1631311450566808       0.70825549401271659       0.16669491000332859        2.5470615511605738E-006
                    7   1.3600000147556304E-003   1.1634154062403868       0.70716656069550687       0.16730080368343703        2.5388183261349484E-006
                    8   1.3600000153593593E-003   1.1632560513798884       0.70789154577498770       0.16686025108911612        2.5448616178646724E-006
                    9   1.3600000158362517E-003   1.1633885112547331       0.70737495023233088       0.16713895800156769        2.5410144864915554E-006
                   10   1.3600000161398495E-003   1.1633129224762797       0.70771566780778972       0.16692552112599943        2.5439099464656773E-006
                   11   1.3600000163797507E-003   1.1633764867339340       0.70746872707021191       0.16705536806735732        2.5421029552269570E-006
                   12   1.3600000165333696E-003   1.1633411840988201       0.70762965779496734       0.16695187977535392        2.5434981786510404E-006
                   13   1.3600000166541966E-003   1.1633721211851982       0.70751113614607397       0.16701249154936998        2.5426494905441579E-006
                   14   1.3600000167319827E-003   1.1633557929999485       0.70758725879842288       0.16696210107430867        2.5433254197149435E-006
                   15   1.3600000167928636E-003   1.1633709843271474       0.70753018195820327       0.16699028702336383        2.5429280259991289E-006
                   16   1.3600000168322701E-003   1.1633635114248717       0.70756616098065128       0.16696561641234370        2.5432571532542320E-006
                   17   1.3600000168629684E-003   1.1633710284554271       0.70753859109645134       0.16697862262844976        2.5430721008060495E-006
                   18   1.3600000168829387E-003   1.1633676577921870       0.70755555456216546       0.16696646752187469        2.5432332142722932E-006
                   19   1.3600000168984339E-003   1.1633714079523774       0.70754219579705668       0.16697240020146298        2.5431477374355127E-006
                   20   1.3600000169085532E-003   1.1633699193659783       0.70755016307684104       0.16696636635240247        2.5432270914695406E-006
                   21   1.3600000169163733E-003   1.1633718083355233       0.70754366561711179       0.16696902877560121        2.5431880464553921E-006
                   22   1.3600000169215044E-003   1.1633711715617383       0.70754738807614370       0.16696600747098869        2.5432274125233092E-006
                   23   1.3600000169254572E-003   1.1633721334138420       0.70754421363246056       0.16696717392522775        2.5432098581805476E-006
                   24   1.3600000169280597E-003   1.1633718747278914       0.70754594094275247       0.16696564578397413        2.5432295563448980E-006
                   25   1.3600000169300597E-003   1.1633723705596233       0.70754438148990306       0.16696613855710390        2.5432218426328356E-006
                   26   1.3600000169313770E-003   1.1633722747864474       0.70754517537243267       0.16696535661394973        2.5432317982462232E-006
                   27   1.3600000169323937E-003   1.1633725338073635       0.70754440426405041       0.16696555244419725        2.5432285261141995E-006
                   28   1.3600000169330581E-003   1.1633725050974553       0.70754476418149703       0.16696514713648525        2.5432336150361214E-006
                   29   1.3600000169331780E-003   1.1633726424002222       0.70754437987538155       0.16696521648961499        5.7222775399378814E-008
                   30   1.3600000169338487E-003   1.1633726390911521       0.70754453998017375       0.16696500343542364        1.9360537105202044E-006
                   31   1.3600000169340643E-003   1.1633727129548217       0.70754434675990585       0.16696502163721186        4.3561217960741041E-008
                   32   1.3600000169343225E-003   1.1633727177942013       0.70754441574985527       0.16696490800632957        1.9233438664902677E-006
                   33   1.3600000169345376E-003   1.1633727581209090       0.70754431764748082       0.16696490766802943        4.3275243025674856E-008
                   34   1.3600000169340688E-003   1.1633727642865797       0.70754434619322548       0.16696484598143072        9.7369310908587875E-010
                   35   1.3600000169343342E-003   1.1633727867225785       0.70754429559573329       0.16696484040141618        2.1908096889430828E-011
                   36   1.3600000169341233E-003   1.1633727920053800       0.70754430661365486       0.16696480634883004        4.9293222260369207E-013
                   37   1.3600000169342967E-003   1.1633728046896070       0.70754428007781800       0.16696480044140899        1.1090975623580407E-014
                   38   1.3600000169342078E-003   1.1633728085932629       0.70754428389748880       0.16696478126416286        2.4954696447022457E-016
                   39   1.3600000169344479E-003   1.1633728158816830       0.70754426966165362       0.16696477652289310        5.6148068946334859E-018
                   40   1.3600000169343312E-003   1.1633728185648982       0.70754427066032388       0.16696476551714615        1.2633315908106937E-019
                   41   1.3600000169344513E-003   1.1633728228576434       0.70754426274687254       0.16696476217511191        2.8424961403155436E-021
                   42   1.3600000169344513E-003   1.1633728245806021       0.70754426293012329       0.16696475564580779        6.3956164372816099E-023
                    1   1.3659999712213754E-003   1.2225960000828864       0.61961430133327955        0.0000000000000000        9.6957804522094872E-005
                    2   1.3660000715828720E-003   1.1948544816256521       0.69389561871179362        0.0000000000000000        1.0671270823351969E-004
                    1   1.3659999712213754E-003   1.2225960000828864       0.61961430133327955        0.0000000000000000        9.6957804522094872E-005
                    2   1.3660000715828679E-003   1.1948545553717342       0.69389546938692404        0.0000000000000000        1.0671269492217298E-004
                    1   1.3659999712213754E-003   1.2225960000828864       0.61961430133327955        0.0000000000000000        9.6957804522094872E-005
                    2   1.3660000715827818E-003   1.1948577440608545       0.69388887992424708        0.0000000000000000        1.0671208407026097E-004
                    3   1.3660001388383889E-003   1.1748427636178334       0.71274161756531274        0.0000000000000000        1.0723497065448036E-004
                    4   1.3660001775410860E-003   1.1699761811319451       0.70401434128351992        0.0000000000000000        1.0438867143138193E-004
                    5   1.3660002045329247E-003   1.1739673336077816       0.68980084231192373        0.0000000000000000        1.0206195496259885E-004
                    6   1.3660002262495450E-003   1.1803194735980838       0.67947542651954984        0.0000000000000000        1.0109762956541189E-004
                    7   1.3660002436041785E-003   1.1854568628768904       0.67448236908064307        0.0000000000000000        1.0111206508374085E-004
                    8   1.3660002563248964E-003   1.1882724228624748       0.67343347250648189        0.0000000000000000        1.0154241278681428E-004
                    9   1.3660002646100219E-003   1.1890854932292081       0.67443229939056526        0.0000000000000000        1.0199715039273744E-004
                   10   1.3660002693247296E-003   1.1887289665929375       0.67598445965163145        0.0000000000000000        1.0230042434273634E-004
                   11   1.3660002716325281E-003   1.1879732283449651       0.67725253766540161        0.0000000000000000        1.0243016078869863E-004
                   12   1.3660002725942389E-003   1.1872921920050741       0.67796992554394775        0.0000000000000000        1.0243808306469462E-004
                   13   1.3660002729565465E-003   1.1868660549641037       0.67821116674007220        0.0000000000000000        1.0238937078519084E-004
                   14   1.3660002731338587E-003   1.1866869785605001       0.67817039648263278        0.0000000000000000        1.0233186914599304E-004
                   15   1.3660002732956782E-003   1.1866696311043998       0.67802529138374534        0.0000000000000000        1.0228931145055627E-004
                   16   1.3660002734748886E-003   1.1867243574719857       0.67788597166831888        0.0000000000000000        1.0226696385352775E-004
                   17   1.3660002736512289E-003   1.1867896326382459       0.67779671373058936        0.0000000000000000        1.0226038960608525E-004
                   18   1.3660002737989083E-003   1.1868363515704174       0.67775914893379896        0.0000000000000000        1.0226249570724125E-004
                   19   1.3660002739050352E-003   1.1868588110340268       0.67775636158425967        0.0000000000000000        1.0226742221020360E-004
                   20   1.3660002739707931E-003   1.1868630442431827       0.67776932905041620        0.0000000000000000        1.0227178555683118E-004
                   21   1.3660002740055871E-003   1.1868579014229290       0.67778462483941249        0.0000000000000000        1.0227437229575758E-004
                   22   1.3660002740208427E-003   1.1868503953773888       0.67779576332848979        0.0000000000000000        1.0227529621001896E-004
                   23   1.3660002740260592E-003   1.1868443436817633       0.67780139234043524        0.0000000000000000        1.0227518085594988E-004
                   24   1.3660002740274446E-003   1.1868409026637972       0.67780279782862407        0.0000000000000000        1.0227465088896728E-004
                   25   1.3660002740281173E-003   1.1868396981349991       0.67780194759846490        0.0000000000000000        1.0227411602861838E-004
                   26   1.3660002740291388E-003   1.1868398263456279       0.67780043729243256        0.0000000000000000        1.0227375486562867E-004
                   27   1.3660002740305140E-003   1.1868404615986823       0.67779916269588791        0.0000000000000000        1.0227358608285465E-004
                   28   1.3660002740319016E-003   1.1868410869597885       0.67779842552807479        0.0000000000000000        1.0227355438665167E-004
                   29   1.3660002740338245E-003   1.1868414944307912       0.67779815358652151        0.0000000000000000        1.0227358799541014E-004
                   30   1.3660002740341281E-003   1.1868416666470369       0.67779818164463179        0.0000000000000000        1.0227363852877172E-004
                   31   1.3660002740338035E-003   1.1868416784123386       0.67779832642786297        0.0000000000000000        2.3011569581439257E-006
                   32   1.3660002740344724E-003   1.1868416173136027       0.67779846983805070        0.0000000000000000        7.7856496940374208E-005
                   33   1.3660002740160022E-003   1.1868415445918366       0.67779856741871691        0.0000000000000000        9.8399146006458962E-005
                   34   1.3660002740278128E-003   1.1868414907574676       0.67779861370981953        0.0000000000000000        1.0168775035215925E-004
                   35   1.3660002740324374E-003   1.1868414632172286       0.67779862070075414        0.0000000000000000        1.0218569826665414E-004
                   36   1.3660002740358951E-003   1.1868414565315986       0.67779860750170762        0.0000000000000000        1.0226049108301000E-004
                   37   1.3660002740378079E-003   1.1868414611740845       0.67779858991945918        0.0000000000000000        1.0227170980177227E-004
                   38   1.3660002740377348E-003   1.1868414691266143       0.67779857646785791        0.0000000000000000        2.3011135322150848E-006
                   39   1.3660002740308499E-003   1.1868414757315375       0.67779856955615725        0.0000000000000000        7.7856445635075141E-005
                   40   1.3660002740332978E-003   1.1868414805847909       0.67779856333978139        0.0000000000000000        9.8399121366883128E-005
                    1   1.3599991714652445E-003   1.1664390992348930       0.69447984084236414       0.17087939283207040        6.9600432351788646E-005
                    2   1.3600000573106563E-003   1.1452369351412397       0.75812813509948929        9.4106898726139004E-002   9.3890242193146191E-005
                    3   1.3600005165901607E-003   1.1576410177048542       0.70478943845863296       0.12529665236575060        8.3169143019905397E-005
                    4   1.3600006781781938E-003   1.1585321086210745       0.71654708709527570       0.12324891776382896        8.4652900708291780E-005
                    5   1.3600007852671843E-003   1.1591354668750187       0.71561500131215439       0.12156931297872334        8.5176305214833522E-005
                    6   1.3600008562600181E-003   1.1595874279708176       0.71492813057001869       0.12024401962143300        8.5494442701740533E-005
                    7   1.3600009038231961E-003   1.1599587610861082       0.71436670331138541       0.11929505166832351        8.5709014186208945E-005
                    8   1.3600009356481532E-003   1.1602510541275564       0.71396308800282360       0.11858008030423187        8.5873315998898187E-005
                    9   1.3600009569751290E-003   1.1604801143611971       0.71365861686191512       0.11804076507637165        8.5999187977749050E-005
                   10   1.3600009712514396E-003   1.1606571659087634       0.71343233473630829       0.11762686804698949        8.6097346304962543E-005
                   11   1.3600009808120424E-003   1.1607938274099361       0.71326116574757503       0.11730957231628092        8.6173370946043742E-005
                   12   1.3600009872180021E-003   1.1608990220104973       0.71313191812561172       0.11706760456256085        8.6231886211722192E-005
                   13   1.3600009915056700E-003   1.1609794073689135       0.71303525387078737       0.11688117754675317        8.6277362387417099E-005
                   14   1.3600009943819252E-003   1.1610410006935974       0.71296169486639704       0.11673860725190241        8.6312307519864875E-005
                   15   1.3600009963121631E-003   1.1610880536407284       0.71290619148166967       0.11662910004389110        8.6339280235993768E-005
                   16   1.3600009976118257E-003   1.1611240818623223       0.71286392744611604       0.11654556154208691        8.6359932665527292E-005
                   17   1.3600009984880953E-003   1.1611515879354442       0.71283199482856785       0.11648160568829254        8.6375807982870415E-005
                   18   1.3600009990811979E-003   1.1611726238858870       0.71280767011195556       0.11643284579443948        8.6387944485929446E-005
                   19   1.3600009994837938E-003   1.1611886868120498       0.71278922990875759       0.11639563085197621        8.6397235501330384E-005
                   20   1.3600009997582249E-003   1.1612009529176084       0.71277521122305842       0.11636726091089050        8.6404335182056950E-005
                   21   1.3600009999458682E-003   1.1612103133131784       0.71276456932888832       0.11634563117531452        8.6409761059089114E-005
                   22   1.3600010000750693E-003   1.1612174568562625       0.71275647014969246       0.11632915637547352        8.6413900462309251E-005
                   23   1.3600010001641812E-003   1.1612229019355609       0.71275035364695694       0.11631659589574761        8.6417068172505072E-005
                   24   1.3600010002261435E-003   1.1612270528915833       0.71274567981321191       0.11630702101726970        8.6419482347768878E-005
                   25   1.3600010002694952E-003   1.1612302186191457       0.71274212012440230       0.11629973040588411        8.6421321729359481E-005
                   26   1.3600010002999621E-003   1.1612326306476621       0.71273941573642519       0.11629417187051896        8.6422725517672883E-005
                   27   1.3600010003215202E-003   1.1612344689007053       0.71273735679476913       0.11628993623276064        8.6423795923484763E-005
                   28   1.3600010003368640E-003   1.1612358695356260       0.71273579041241553       0.11628670767341734        8.6424612362554014E-005
                   29   1.3600010003478396E-003   1.1612369368963367       0.71273459774618919       0.11628424737260440        8.6425234827771025E-005
                   30   1.3600010003557603E-003   1.1612377561857925       0.71273368650579061       0.11628237927057998        8.6425708975805540E-005
                   31   1.3600010003614817E-003   1.1612383737440650       0.71273299647331689       0.11628094818977461        8.6426070681544929E-005
                   32   1.3600010003656359E-003   1.1612388440096315       0.71273247212469715       0.11627985544781458        8.6426347234513700E-005
                   33   1.3600010003686591E-003   1.1612392030304233       0.71273207080273759       0.11627902448480576        8.6426557536470281E-005
                   34   1.3600010003708984E-003   1.1612394827482198       0.71273176212800660       0.11627839804494272        8.6426717452471526E-005
                   35   1.3600010003725566E-003   1.1612396892566939       0.71273153066127437       0.11627791299864115        8.6426839619911007E-005
                   36   1.3600010003737594E-003   1.1612398466468927       0.71273135441665025       0.11627754127120743        8.6426933425184181E-005
                   37   1.3600010003746129E-003   1.1612399741956037       0.71273121090977987       0.11627726602867705        8.6427003553011961E-005
                   38   1.3600010003752682E-003   1.1612400641698453       0.71273110980805798       0.11627704568697758        8.6427058511431490E-005
                   39   1.3600010003757663E-003   1.1612401329246220       0.71273103320602071       0.11627687814595268        8.6427100816129294E-005
                   40   1.3600010003761663E-003   1.1612401918474857       0.71273097052420442       0.11627675979995272        8.6427132089956328E-005
                   41   1.3600010003764565E-003   1.1612402300772620       0.71273092703754204       0.11627666294236028        8.6427156039582274E-005
                   42   1.3600010003766655E-003   1.1612402588868704       0.71273089533343226       0.11627658779219763        8.6427174983761833E-005
                   43   1.3600010003768498E-003   1.1612402875638539       0.71273086574515154       0.11627654013638861        8.6427188251634771E-005
                   44   1.3600010003769721E-003   1.1612403026402731       0.71273084787486729       0.11627649635579870        8.6427198673351538E-005
                   45   1.3600010003770549E-003   1.1612403139695833       0.71273083517097047       0.11627646185630165        8.6427207223967767E-005
                   46   1.3600010003771428E-003   1.1612403293493594       0.71273082022810941       0.11627644478384239        8.6427212684467088E-005
                   47   1.3600010003777068E-003   1.1612403343345834       0.71273081339002498       0.11627642415702219        1.9446123747773706E-006
                   48   1.3600010003771235E-003   1.1612403384289833       0.71273080696344315       0.11627640737433442        6.5793262125799363E-005
                   49   1.3600010003775394E-003   1.1612403479598941       0.71273079976826181       0.11627640376719897        1.4803484538833541E-006
                   50   1.3600010003777764E-003   1.1612403483216678       0.71273079834601194       0.11627639268278586        3.3307840769178137E-008
                   51   1.3600010003721314E-003   1.1612403485845335       0.71273079759392444       0.11627638316728070        6.2877073350881197E-005
                    1   1.3599991714652445E-003   1.1664390992348930       0.69447984084236414       0.17087939283207040        6.9600432351788646E-005
                    2   1.3600000573106563E-003   1.1452369351412397       0.75812813509948929        9.4106898726139004E-002   9.3890242193146191E-005
                    3   1.3600005165901607E-003   1.1576410177048542       0.70478943845863296       0.12529665236575060        8.3169143019905397E-005
                    4   1.3600006781781938E-003   1.1585321086210745       0.71654708709527570       0.12324891776382896        8.4652900708291780E-005
                    5   1.3600007852671843E-003   1.1591354668750187       0.71561500131215439       0.12156931297872334        8.5176305214833522E-005
                    6   1.3600008562600181E-003   1.1595874279708176       0.71492813057001869       0.12024401962143300        8.5494442701740533E-005
                    7   1.3600009038231961E-003   1.1599587610861082       0.71436670331138541       0.11929505166832351        8.5709014186208945E-005
                    8   1.3600009356481532E-003   1.1602510541275564       0.71396308800282360       0.11858008030423187        8.5873315998898187E-005
                    9   1.3600009569751290E-003   1.1604801143611971       0.71365861686191512       0.11804076507637165        8.5999187977749050E-005
                   10   1.3600009712514396E-003   1.1606571659087634       0.71343233473630829       0.11762686804698949        8.6097346304962543E-005
                   11   1.3600009808120424E-003   1.1607938274099361       0.71326116574757503       0.11730957231628092        8.6173370946043742E-005
                   12   1.3600009872180021E-003   1.1608990220104973       0.71313191812561172       0.11706760456256085        8.6231886211722192E-005
                   13   1.3600009915056700E-003   1.1609794073689135       0.71303525387078737       0.11688117754675317        8.6277362387417099E-005
                   14   1.3600009943819252E-003   1.1610410006935974       0.71296169486639704       0.11673860725190241        8.6312307519864875E-005
                   15   1.3600009963121631E-003   1.1610880536407284       0.71290619148166967       0.11662910004389110        8.6339280235993768E-005
                   16   1.3600009976118257E-003   1.1611240818623223       0.71286392744611604       0.11654556154208691        8.6359932665527292E-005
                   17   1.3600009984880953E-003   1.1611515879354442       0.71283199482856785       0.11648160568829254        8.6375807982870415E-005
                   18   1.3600009990811979E-003   1.1611726238858870       0.71280767011195556       0.11643284579443948        8.6387944485929446E-005
                   19   1.3600009994837938E-003   1.1611886868120498       0.71278922990875759       0.11639563085197621        8.6397235501330384E-005
                   20   1.3600009997582249E-003   1.1612009529176084       0.71277521122305842       0.11636726091089050        8.6404335182056950E-005
                   21   1.3600009999458682E-003   1.1612103133131784       0.71276456932888832       0.11634563117531452        8.6409761059089114E-005
                   22   1.3600010000750693E-003   1.1612174568562625       0.71275647014969246       0.11632915637547352        8.6413900462309251E-005
                   23   1.3600010001641812E-003   1.1612229019355609       0.71275035364695694       0.11631659589574761        8.6417068172505072E-005
                   24   1.3600010002261435E-003   1.1612270528915833       0.71274567981321191       0.11630702101726970        8.6419482347768878E-005
                   25   1.3600010002694952E-003   1.1612302186191457       0.71274212012440230       0.11629973040588411        8.6421321729359481E-005
                   26   1.3600010002999621E-003   1.1612326306476621       0.71273941573642519       0.11629417187051896        8.6422725517672883E-005
                   27   1.3600010003215202E-003   1.1612344689007053       0.71273735679476913       0.11628993623276064        8.6423795923484763E-005
                   28   1.3600010003368640E-003   1.1612358695356260       0.71273579041241553       0.11628670767341734        8.6424612362554014E-005
                   29   1.3600010003478396E-003   1.1612369368963367       0.71273459774618919       0.11628424737260440        8.6425234827771025E-005
                   30   1.3600010003557603E-003   1.1612377561857925       0.71273368650579061       0.11628237927057998        8.6425708975805540E-005
                   31   1.3600010003614817E-003   1.1612383737440650       0.71273299647331689       0.11628094818977461        8.6426070681544929E-005
                   32   1.3600010003656359E-003   1.1612388440096315       0.71273247212469715       0.11627985544781458        8.6426347234513700E-005
                   33   1.3600010003686591E-003   1.1612392030304233       0.71273207080273759       0.11627902448480576        8.6426557536470281E-005
                   34   1.3600010003708984E-003   1.1612394827482198       0.71273176212800660       0.11627839804494272        8.6426717452471526E-005
                   35   1.3600010003725566E-003   1.1612396892566939       0.71273153066127437       0.11627791299864115        8.6426839619911007E-005
                   36   1.3600010003737594E-003   1.1612398466468927       0.71273135441665025       0.11627754127120743        8.6426933425184181E-005
                   37   1.3600010003746129E-003   1.1612399741956037       0.71273121090977987       0.11627726602867705        8.6427003553011961E-005
                   38   1.3600010003752682E-003   1.1612400641698453       0.71273110980805798       0.11627704568697758        8.6427058511431490E-005
                   39   1.3600010003757663E-003   1.1612401329246220       0.71273103320602071       0.11627687814595268        8.6427100816129294E-005
                   40   1.3600010003761663E-003   1.1612401918474857       0.71273097052420442       0.11627675979995272        8.6427132089956328E-005
                   41   1.3600010003764565E-003   1.1612402300772620       0.71273092703754204       0.11627666294236028        8.6427156039582274E-005
                   42   1.3600010003766655E-003   1.1612402588868704       0.71273089533343226       0.11627658779219763        8.6427174983761833E-005
                   43   1.3600010003768498E-003   1.1612402875638539       0.71273086574515154       0.11627654013638861        8.6427188251634771E-005
                   44   1.3600010003769721E-003   1.1612403026402731       0.71273084787486729       0.11627649635579870        8.6427198673351538E-005
                   45   1.3600010003770549E-003   1.1612403139695833       0.71273083517097047       0.11627646185630165        8.6427207223967767E-005
                   46   1.3600010003771428E-003   1.1612403293493594       0.71273082022810941       0.11627644478384239        8.6427212684467088E-005
                   47   1.3600010003777068E-003   1.1612403343345834       0.71273081339002498       0.11627642415702219        1.9446123747773706E-006
                   48   1.3600010003771235E-003   1.1612403384289833       0.71273080696344315       0.11627640737433442        6.5793262125799363E-005
                   49   1.3600010003775394E-003   1.1612403479598941       0.71273079976826181       0.11627640376719897        1.4803484538833541E-006
                   50   1.3600010003777764E-003   1.1612403483216678       0.71273079834601194       0.11627639268278586        3.3307840769178137E-008
                   51   1.3600010003721314E-003   1.1612403485845335       0.71273079759392444       0.11627638316728070        6.2877073350881197E-005
                    1   1.3659995013686624E-003   1.1666693279187674       0.69404484243219622       0.17173596750018466        7.0079620385293530E-005
                    2   1.3660001072995516E-003   1.1454723839279031       0.75770530267283898        9.4580584057748482E-002   9.4766554776176543E-005
                    3   1.3660005285467678E-003   1.1581870241836683       0.70360174574481571       0.12671707863511122        8.3639597478007719E-005
                    4   1.3660006833923347E-003   1.1589387510480917       0.71606885568820566       0.12458823388618843        8.5220276509135467E-005
                    5   1.3660007895753442E-003   1.1594250445769350       0.71525444587238063       0.12272869187670166        8.5800181367477513E-005
                    6   1.3660008608653890E-003   1.1598331210150443       0.71453776249605838       0.12137856742505926        8.6119525812124520E-005
                    7   1.3660009086323799E-003   1.1601764333072027       0.71399408931843711       0.12040592508334494        8.6339506387010613E-005
                    8   1.3660009406563326E-003   1.1604567818926852       0.71358783840502649       0.11969456850395004        8.6502769340058896E-005
                    9   1.3660009621095821E-003   1.1606786907585529       0.71328771000310276       0.11915937569717523        8.6628634959492047E-005
                   10   1.3660009764790077E-003   1.1608520073349615       0.71306278215141949       0.11875200613768033        8.6726206706182955E-005
                   11   1.3660009861027850E-003   1.1609863501151199       0.71289336817457349       0.11844016434877633        8.6801895951728536E-005
                   12   1.3660009925520417E-003   1.1610901067263737       0.71276528936208605       0.11820262919228179        8.6860164422666880E-005
                   13   1.3660009968707765E-003   1.1611695669463964       0.71266941756928748       0.11801988286952644        8.6905418412929367E-005
                   14   1.3660009997672744E-003   1.1612304968333902       0.71259661691496845       0.11787984078706988        8.6940297652930547E-005
                   15   1.3660010017132404E-003   1.1612771353317322       0.71254148102763393       0.11777255117411045        8.6967150902592379E-005
                   16   1.3660010030224613E-003   1.1613128068470169       0.71249970664962115       0.11769041690181728        8.6987800208003998E-005
                   17   1.3660010039061661E-003   1.1613400958069995       0.71246792632109979       0.11762768000597904        8.7003621409250873E-005
                   18   1.3660010045040880E-003   1.1613609519592323       0.71244383484982154       0.11757973754401062        8.7015754825995822E-005
                   19   1.3660010049102347E-003   1.1613768989435629       0.71242551343437255       0.11754315833377865        8.7025039444911666E-005
                   20   1.3660010051871065E-003   1.1613890774030537       0.71241159877476057       0.11751523966651711        8.7032143642275445E-005
                   21   1.3660010053766849E-003   1.1613983765308395       0.71240101723332061       0.11749394485904188        8.7037573630907410E-005
                   22   1.3660010055071056E-003   1.1614054741933917       0.71239297179347316       0.11747770395111108        8.7041722563263571E-005
                   23   1.3660010055972806E-003   1.1614108899538222       0.71238685256178846       0.11746531733330234        8.7044891796846021E-005
                   24   1.3660010056599802E-003   1.1614150218783723       0.71238219594292029       0.11745587422676171        8.7047311097621888E-005
                   25   1.3660010057038182E-003   1.1614181728848925       0.71237865407904721       0.11744867253857030        8.7049158325439117E-005
                   26   1.3660010057346436E-003   1.1614205758683156       0.71237595766733786       0.11744318170444225        8.7050568008037132E-005
                   27   1.3660010057564512E-003   1.1614224080820663       0.71237390520879762       0.11743899481333839        8.7051643782175305E-005
                   28   1.3660010057719649E-003   1.1614238049461831       0.71237234257566551       0.11743580206687992        8.7052464664813929E-005
                   29   1.3660010057830775E-003   1.1614248699658665       0.71237115233973469       0.11743336772563842        8.7053090881978438E-005
                   30   1.3660010057910729E-003   1.1614256818254836       0.71237024603285226       0.11743151126560430        8.7053568673784638E-005
                   31   1.3660010057968631E-003   1.1614263008104611       0.71236955540482028       0.11743009578269382        8.7053933093387707E-005
                   32   1.3660010058010670E-003   1.1614267726373471       0.71236902942673996       0.11742901617237941        8.7054211135161516E-005
                   33   1.3660010058041524E-003   1.1614271323833891       0.71236862844856430       0.11742819304230294        8.7054423161258594E-005
                   34   1.3660010058064382E-003   1.1614274066689916       0.71236832281898743       0.11742756516422082        8.7054584908412893E-005
                   35   1.3660010058081022E-003   1.1614276157852572       0.71236808977459753       0.11742708594780424        8.7054708344237673E-005
                   36   1.3660010058092961E-003   1.1614277754310085       0.71236791130157318       0.11742672020803990        8.7054802445629554E-005
                   37   1.3660010058103563E-003   1.1614278978909187       0.71236777197000023       0.11742644040976372        8.7054873933838190E-005
                   38   1.3660010058110400E-003   1.1614279908921132       0.71236766841800625       0.11742622435149845        8.7054929415990659E-005
                   39   1.3660010058115547E-003   1.1614280620705868       0.71236758948307954       0.11742606123507274        8.7054971548632720E-005
                   40   1.3660010058119362E-003   1.1614281161196438       0.71236753027539923       0.11742593717631566        8.7055003731146386E-005
                   41   1.3660010058122298E-003   1.1614281572733629       0.71236748511230097       0.11742584332391609        8.7055028104986761E-005
                   42   1.3660010058124496E-003   1.1614281884759616       0.71236745106641075       0.11742577201092899        8.7055046653026114E-005
                   43   1.3660010058126164E-003   1.1614282122335493       0.71236742502735328       0.11742571821252074        8.7055060645017626E-005
                   44   1.3660010058127404E-003   1.1614282301922740       0.71236740552095712       0.11742567721575997        8.7055071323360791E-005
                   45   1.3660010058114400E-003   1.1614282439261292       0.71236739016818207       0.11742564642561826        8.7055079280382808E-005
                   46   1.3660010058121109E-003   1.1614282542605343       0.71236737922410109       0.11742562292295811        1.9587394184116839E-006
                   47   1.3660010058052345E-003   1.1614282620783030       0.71236737075514867       0.11742560510582473        6.6271231448180408E-005
                   48   1.3660010058167708E-003   1.1614282680476888       0.71236736420176494       0.11742559174486356        8.3757078019468332E-005
                   49   1.3660010058207694E-003   1.1614282725175658       0.71236735940608142       0.11742558144078308        8.6556334103138726E-005
                   50   1.3660010058208986E-003   1.1614282759361116       0.71236735559684705       0.11742557379486690        8.6980192586701846E-005
                    1   1.3599991512727450E-003   1.1673087849067514       0.69067657839439434       0.17108296085797270        8.9920885138934580E-005
                    1   1.3599991512727450E-003   1.1673087849067514       0.69067657839439434       0.17108296085797270        8.9920885138934580E-005
                    2   1.3600000765747790E-003   1.1433654581957793       0.76419315794714759        9.4187072603643382E-002   1.2288372348835482E-004
                    3   1.3600005536116839E-003   1.1513492736664235       0.71876897973120013       0.10531926459355719        1.1539169884101821E-004
                    4   1.3600007750707512E-003   1.1558939440676097       0.71629337433595219       0.11150066791753513        1.1346442498564667E-004
                    5   1.3600008961214220E-003   1.1575658266781441       0.71702752429243810       0.11090600463557460        1.1406544503575726E-004
                    6   1.3600009778063781E-003   1.1586797495655368       0.71594365103736046       0.11049086214135292        1.1430566307746601E-004
                    7   1.3600010310544630E-003   1.1593266624500755       0.71544837139973327       0.10970239971270002        1.1460785567503739E-004
                    8   1.3600010665511637E-003   1.1597589943536479       0.71499769018386994       0.10898957257037456        1.1484378347609661E-004
                    9   1.3600010900581881E-003   1.1600534012699439       0.71467687237751609       0.10835420328838836        1.1504268179098305E-004
                   10   1.3600011056751331E-003   1.1602655603458987       0.71442638185055596       0.10783180672927635        1.1520070781299000E-004
                   11   1.3600011160465552E-003   1.1604226881117135       0.71423556766038543       0.10741356443863162        1.1532539929978620E-004
                   12   1.3600011229371255E-003   1.1605413598950487       0.71408985751738496       0.10708477015318774        1.1542293071959329E-004
                   13   1.3600011275197606E-003   1.1606319521914865       0.71397856279715266       0.10682861724805300        1.1549886726414247E-004
                   14   1.3600011305737584E-003   1.1607016128019554       0.71389329534966750       0.10663061125659794        1.1555765562258719E-004
                   15   1.3600011326149011E-003   1.1607553537538728       0.71382802078762109       0.10647854395636114        1.1560294863531795E-004
                   16   1.3600011339825547E-003   1.1607967882612136       0.71377819145737487       0.10636174858357254        1.1563786245743601E-004
                   17   1.3600011349031982E-003   1.1608288151480424       0.71373992890164262       0.10627255022462008        1.1566461628660345E-004
                   18   1.3600011355255138E-003   1.1608535359591077       0.71371072477769615       0.10620452056708843        1.1568511346584683E-004
                   19   1.3600011359482596E-003   1.1608725823192720       0.71368843604989440       0.10615265166282808        1.1570080510749855E-004
                   20   1.3600011362374987E-003   1.1608872631422329       0.71367139419922976       0.10611326063608692        1.1571277123439502E-004
                   21   1.3600011364361890E-003   1.1608985240905061       0.71365843869556023       0.10608320809764481        1.1572192978234575E-004
                   22   1.3600011365738982E-003   1.1609071717136943       0.71364851913902372       0.10606037509292845        1.1572890360227214E-004
                   23   1.3600011366699000E-003   1.1609137965117333       0.71364097063893261       0.10604300378556972        1.1573422318074038E-004
                   24   1.3600011367373387E-003   1.1609188677772528       0.71363521572589417       0.10602979802719351        1.1573827558905006E-004
                   25   1.3600011367850497E-003   1.1609227455106808       0.71363083295994090       0.10601975934484578        1.1574136192042947E-004
                   26   1.3600011368190509E-003   1.1609257079855346       0.71362749566082051       0.10601212948378891        1.1574371142775890E-004
                   27   1.3600011368436167E-003   1.1609279694014050       0.71362494029245593       0.10600624346505677        1.1574551914698503E-004
                   28   1.3600011368614785E-003   1.1609297124074032       0.71362296180010909       0.10600183652312720        1.1574687532488847E-004
                   29   1.3600011368744376E-003   1.1609310350157207       0.71362149209254633       0.10599851032469781        1.1574790559930639E-004
                   30   1.3600011368838886E-003   1.1609320321713195       0.71362039359921658       0.10599599131371874        1.1574868863593565E-004
                   31   1.3600011368906978E-003   1.1609327838672565       0.71361956564557716       0.10599404447708963        1.1574929269451165E-004
                   32   1.3600011368957938E-003   1.1609333616792563       0.71361891391811727       0.10599258697515884        1.1574974315161019E-004
                   33   1.3600011368995538E-003   1.1609338004315268       0.71361842720738444       0.10599147600556735        1.1575008740890361E-004
                   34   1.3600011369023495E-003   1.1609341346500162       0.71361805512955701       0.10599063352177593        1.1575034848065474E-004
                   35   1.3600011369044643E-003   1.1609343889488852       0.71361777252542336       0.10598999350029362        1.1575054689728509E-004
                   36   1.3600011369060377E-003   1.1609345824102490       0.71361755743628885       0.10598950687052050        1.1575069773220996E-004
                   37   1.3600011369071709E-003   1.1609347298746506       0.71361739239862165       0.10598913663469753        1.1575081220415556E-004
                   38   1.3600011369080129E-003   1.1609348428442332       0.71361726355828226       0.10598885376283998        1.1575089896701160E-004
                   39   1.3600011369086569E-003   1.1609349281248289       0.71361717016046788       0.10598863642896517        1.1575096644203688E-004
                   40   1.3600011369091581E-003   1.1609349931342030       0.71361709863129374       0.10598847317128668        1.1575101734123897E-004
                   41   1.3600011369095406E-003   1.1609350423531601       0.71361704504901535       0.10598834977985577        1.1575105595146438E-004
                   42   1.3600011369098322E-003   1.1609350797069808       0.71361700432373509       0.10598825707123621        1.1575108499768394E-004
                   43   1.3600011369100530E-003   1.1609351079050656       0.71361697380092592       0.10598818700526480        1.1575110698999688E-004
                   44   1.3600011369102178E-003   1.1609351292447083       0.71361695064789576       0.10598813434396573        1.1575112352735539E-004
                   45   1.3600011369103466E-003   1.1609351453915497       0.71361693314110064       0.10598809472650092        1.1575113597354922E-004
                   46   1.3600011369104409E-003   1.1609351575283642       0.71361692009082078       0.10598806469113778        1.1575114542393106E-004
                   47   1.3600011369110684E-003   1.1609351667433234       0.71361691006613059       0.10598804223760636        2.6044009291275228E-006
                   48   1.3600011369106031E-003   1.1609351736419753       0.71361690268719169       0.10598802509560507        8.8116292391394172E-005
                   49   1.3600011369100469E-003   1.1609351788785627       0.71361689694464359       0.10598801237695828        1.1136601772332617E-004
                   50   1.3600011369103377E-003   1.1609351828290819       0.71361689270221851       0.10598800268797251        2.5057354637695519E-006
                   51   1.3600011369049169E-003   1.1609351858043184       0.71361688953127744       0.10598799544683431        8.8029403909555196E-005
                    1   1.3599991620789186E-003   1.1668442536215320       0.69270767354427454       0.17097454120607097        7.9097423594425573E-005
                    2   1.3600000670448999E-003   1.1442838875642380       0.76116691920229695        9.4141286087051565E-002   1.0737063489586750E-004
                    3   1.3600005372163141E-003   1.1545635513026713       0.71158305337741623       0.11662014067084708        9.7688440588111490E-005
                    4   1.3600007245540321E-003   1.1570340105404151       0.71693258084944733       0.11727780940191970        9.8063287625219119E-005
                    5   1.3600008401107387E-003   1.1582849006947917       0.71626358879313734       0.11634056545805564        9.8515210250293712E-005
                    6   1.3600009165235655E-003   1.1591001614839032       0.71543155932485103       0.11548237121848047        9.8800618525436546E-005
                    7   1.3600009670461021E-003   1.1596265539394861       0.71489858764278480       0.11462988182294023        9.9053944514997832E-005
                    8   1.3600010007975346E-003   1.1599984384660522       0.71446813577789281       0.11393007711552472        9.9249292769313510E-005
                    9   1.3600010232760770E-003   1.1602647424113999       0.71415541101126190       0.11335201913722412        9.9407442598866552E-005
                   10   1.3600010382729931E-003   1.1604621895545191       0.71391551194737857       0.11289304954368190        9.9531330709163186E-005
                   11   1.3600010482718722E-003   1.1606105342623958       0.71373444623866289       0.11253250979972773        9.9628311052647847E-005
                   12   1.3600010549442852E-003   1.1607232759143278       0.71359677893116824       0.11225348761182496        9.9703392192466671E-005
                   13   1.3600010593949204E-003   1.1608090909065849       0.71349304978402528       0.11203712809623902        9.9761807345853104E-005
                   14   1.3600010623700150E-003   1.1608747977404030       0.71341389717393466       0.11187085369593891        9.9806813942255026E-005
                   15   1.3600010643611883E-003   1.1609251369302047       0.71335387004211448       0.11174315472203494        9.9841519275380191E-005
                   16   1.3600010656985208E-003   1.1609637821149152       0.71330809194763123       0.11164559364574586        9.9868128633521030E-005
                   17   1.3600010665989109E-003   1.1609933947089761       0.71327333757787192       0.11157091414220308        9.9888571080463439E-005
                   18   1.3600010672074380E-003   1.1610161173245648       0.71324682967787778       0.11151396362843174        9.9904211652426756E-005
                   19   1.3600010676202833E-003   1.1610335152798981       0.71322667652873939       0.11147052239812902        9.9916177690069415E-005
                   20   1.3600010679017420E-003   1.1610468426384606       0.71321133406922810       0.11143742836792755        9.9925321396136121E-005
                   21   1.3600010680946543E-003   1.1610570442361372       0.71319965489944692       0.11141222969439747        9.9932302177002812E-005
                   22   1.3600010682273736E-003   1.1610648461192246       0.71319076591196362       0.11139294247162820        9.9937654337765573E-005
                   23   1.3600010683198127E-003   1.1610708363323774       0.71318393168795535       0.11137836724885032        9.9941705044800670E-005
                   24   1.3600010683841332E-003   1.1610753969028957       0.71317879825821473       0.11136721989127019        9.9944813888837230E-005
                   25   1.3600010684293772E-003   1.1610788815162176       0.71317486685597797       0.11135874779826252        9.9947178485042552E-005
                   26   1.3600010684613640E-003   1.1610815387541820       0.71317188222240180       0.11135229466430510        9.9948982214066441E-005
                   27   1.3600010684841333E-003   1.1610835654870322       0.71316960885731784       0.11134738421822196        9.9950356038791308E-005
                   28   1.3600010685004453E-003   1.1610851105275093       0.71316787938580928       0.11134364685756425        9.9951402631830036E-005
                   29   1.3600010685122035E-003   1.1610862880489397       0.71316656317686766       0.11134080262159454        9.9952199699253615E-005
                   30   1.3600010685207264E-003   1.1610871852152789       0.71316556172867129       0.11133863801854776        9.9952806706460118E-005
                   31   1.3600010685269402E-003   1.1610878687256756       0.71316479947822919       0.11133699091113503        9.9953268831784114E-005
                   32   1.3600010685314913E-003   1.1610883892619159       0.71316421964226229       0.11133573727631695        9.9953620733492896E-005
                   33   1.3600010685348247E-003   1.1610887857369727       0.71316377816576659       0.11133478338165911        9.9953888575729500E-005
                   34   1.3600010685373076E-003   1.1610890875881035       0.71316344234704532       0.11133405719700920        9.9954092541363839E-005
                   35   1.3600010685391431E-003   1.1610893174769881       0.71316318647280019       0.11133350449485310        9.9954247772332503E-005
                   36   1.3600010685405417E-003   1.1610894926375690       0.71316299120549276       0.11133308351826038        9.9954365929133307E-005
                   37   1.3600010685415648E-003   1.1610896263869468       0.71316284075154701       0.11133276213705753        9.9954455796793888E-005
                   38   1.3600010685423213E-003   1.1610897286132866       0.71316272499122391       0.11133251581074238        9.9954524419686481E-005
                   39   1.3600010685428960E-003   1.1610898061932937       0.71316263960512793       0.11133232792099924        9.9954577297556939E-005
                   40   1.3600010685433342E-003   1.1610898652382242       0.71316257473381817       0.11133218598848038        9.9954617406298679E-005
                   41   1.3600010685436671E-003   1.1610899100078864       0.71316252585942297       0.11133207849073223        9.9954647864388587E-005
                   42   1.3600010685439188E-003   1.1610899440058788       0.71316248871482379       0.11133199752489885        9.9954670831372492E-005
                   43   1.3600010685441116E-003   1.1610899697767461       0.71316246064222888       0.11133193632460989        9.9954688206889980E-005
                   44   1.3600010685442538E-003   1.1610899892510407       0.71316243951593172       0.11133188998473005        9.9954701379311941E-005
                   45   1.3600010685443666E-003   1.1610900040397305       0.71316242338537783       0.11133185509985695        9.9954711290400696E-005
                   46   1.3600010685444479E-003   1.1610900151813173       0.71316241135038227       0.11133182860991916        9.9954718829289141E-005
                   47   1.3600010685450624E-003   1.1610900236277049       0.71316240211055715       0.11133180870882481        2.2489812989128496E-006
                   48   1.3600010685444548E-003   1.1610900300155447       0.71316239523293878       0.11133179361679238        7.6091162010041600E-005
                   49   1.3600010685448081E-003   1.1610900348451003       0.71316239000208270       0.11133178225770685        1.7120511997001119E-006
                   50   1.3600010685420768E-003   1.1610900385229124       0.71316238598281290       0.11133177375409486        7.5591618631305323E-005
                    1   1.3659999444181324E-003   1.2231624000121328       0.61747370890176312        0.0000000000000000        1.0977488616827779E-004
                    2   1.3660001278480243E-003   1.1936551108842268       0.69737279793994777        0.0000000000000000        1.2176919618040263E-004
                    3   1.3660002492985345E-003   1.1719846290142817       0.71849984506529285        0.0000000000000000        1.2252921398348584E-004
                    4   1.3660003176887254E-003   1.1665263625060163       0.70955779115521611        0.0000000000000000        1.1910944672454420E-004
                    5   1.3660003650768646E-003   1.1705143883631068       0.69462963625239238        0.0000000000000000        1.1629871680964868E-004
                    6   1.3660004035748201E-003   1.1772026037620338       0.68346040994423074        0.0000000000000000        1.1509443152018331E-004
                    7   1.3660004348544006E-003   1.1827651335387568       0.67781598027750012        0.0000000000000000        1.1506522423182028E-004
                    8   1.3660004581581460E-003   1.1859282029397231       0.67640808655728901        0.0000000000000000        1.1555732601692748E-004
                    9   1.3660004735402173E-003   1.1869459610879378       0.67729861468846475        0.0000000000000000        1.1610219913386763E-004
                   10   1.3660004823627301E-003   1.1866605470185758       0.67889903548361696        0.0000000000000000        1.1647921566659092E-004
                   11   1.3660004866593485E-003   1.1858878364372876       0.68027820610487799        0.0000000000000000        1.1665116221063798E-004
                   12   1.3660004883745993E-003   1.1851514687204601       0.68110363836457166        0.0000000000000000        1.1667317097640918E-004
                   13   1.3660004889227200E-003   1.1846674183549393       0.68141919914792370        0.0000000000000000        1.1662116325049376E-004
                   14   1.3660004891151043E-003   1.1844457977930931       0.68141490324053755        0.0000000000000000        1.1655343852953105E-004
                   15   1.3660004892974854E-003   1.1844051462328156       0.68127823438621482        0.0000000000000000        1.1650063522229774E-004
                   16   1.3660004895451067E-003   1.1844519215611995       0.68113237434290896        0.0000000000000000        1.1647111769573909E-004
                   17   1.3660004898205099E-003   1.1845182622394210       0.68103216739542383        0.0000000000000000        1.1646089344164321E-004
                   18   1.3660004900681031E-003   1.1845694928994970       0.68098532417746027        0.0000000000000000        1.1646197550023575E-004
                   19   1.3660004902544241E-003   1.1845963896403005       0.68097709043439414        0.0000000000000000        1.1646729949733249E-004
                   20   1.3660004903732962E-003   1.1846034562177143       0.68098820853046538        0.0000000000000000        1.1647252332978103E-004
                   21   1.3660004904370339E-003   1.1845994252233254       0.68100393499848622        0.0000000000000000        1.1647587737415269E-004
                   22   1.3660004904644273E-003   1.1845918400987079       0.68101642932510720        0.0000000000000000        1.1647726791853354E-004
                   23   1.3660004904724537E-003   1.1845851522570929       0.68102342425606444        0.0000000000000000        1.1647732745341261E-004
                   24   1.3660004904729652E-003   1.1845809988230931       0.68102578499469135        0.0000000000000000        1.1647678376980886E-004
                   25   1.3660004904721202E-003   1.1845792572287075       0.68102541039647380        0.0000000000000000        1.1647615337312368E-004
                   26   1.3660004904722865E-003   1.1845790872202684       0.68102401620340547        0.0000000000000000        1.1647568934678075E-004
                   27   1.3660004904736515E-003   1.1845796193661748       0.68102266439254966        0.0000000000000000        1.1647544603877178E-004
                   28   1.3660004904755753E-003   1.1845802574250839       0.68102179057198686        0.0000000000000000        1.1647537504216674E-004
                   29   1.3660004904773807E-003   1.1845807206508541       0.68102140715871429        0.0000000000000000        1.1647539746449355E-004
                   30   1.3660004904786718E-003   1.1845809489232781       0.68102136637675781        0.0000000000000000        1.1647545142442544E-004
                   31   1.3660004904793403E-003   1.1845809969150403       0.68102148790655848        0.0000000000000000        1.1647550026240654E-004
                   32   1.3660004904797124E-003   1.1845809504088449       0.68102163645862179        0.0000000000000000        1.1647552965767708E-004
                   33   1.3660004904793774E-003   1.1845808778976412       0.68102174781319591        0.0000000000000000        2.6206987756191684E-006
                   34   1.3660004904784162E-003   1.1845808168490528       0.68102181113120064        0.0000000000000000        8.8667735487512226E-005
                   35   1.3660004904782642E-003   1.1845807808573707       0.68102183009136730        0.0000000000000000        1.1206294999714308E-004
                   36   1.3660004904793134E-003   1.1845807678181273       0.68102182283041113        0.0000000000000000        1.1580821042128852E-004
                   37   1.3660004904793134E-003   1.1845807690769512       0.68102180640414300        0.0000000000000000        2.6056847455549721E-006
                   38   1.3660004904797827E-003   1.1845807760973486       0.68102179153609810        0.0000000000000000        8.8654601082491976E-005
                   39   1.3660004904919268E-003   1.1845807831605524       0.68102178249292156        0.0000000000000000        1.1206072440295167E-004
                   40   1.3660004904855040E-003   1.1845807945580962       0.68102175513838370        0.0000000000000000        1.1580786175026041E-004
                   41   1.3660004904819615E-003   1.1845807827933073       0.68102180011720681        0.0000000000000000        1.1637525513942674E-004
                    1   1.3659999513336294E-003   1.2225986309561956       0.61960872432454706        0.0000000000000000        9.6662045328697519E-005
                    2   1.3660001209490388E-003   1.1948588157191546       0.69388884547200647        0.0000000000000000        1.0638739361679692E-004
                    3   1.3660002346099563E-003   1.1748414695323550       0.71274526631177959        0.0000000000000000        1.0690905150905377E-004
                    4   1.3660003000156775E-003   1.1699729801542504       0.70401978551889899        0.0000000000000000        1.0407144059285770E-004
                    5   1.3660003456108080E-003   1.1739412405984027       0.68985072035469353        0.0000000000000000        1.0175516214223968E-004
                    6   1.3660003822784242E-003   1.1802794739516811       0.67953449996617388        0.0000000000000000        1.0079328150852474E-004
                    7   1.3660004115851696E-003   1.1854166861977493       0.67452836379621617        0.0000000000000000        1.0080513480232793E-004
                    8   1.3660004330797902E-003   1.1882409989439986       0.67346055604681709        0.0000000000000000        1.0123200518672518E-004
                    9   1.3660004470932025E-003   1.1890653856043845       0.67444390748469052        0.0000000000000000        1.0168447569669507E-004
                   10   1.3660004550787063E-003   1.1887183432056461       0.67598699749243407        0.0000000000000000        1.0198702683243627E-004
                   11   1.3660004589961616E-003   1.1879686011468891       0.67725155554187921        0.0000000000000000        1.0211706679690655E-004
                   12   1.3660004606342025E-003   1.1872903684521914       0.67796887116153770        0.0000000000000000        1.0212570835149561E-004
                   13   1.3660004612538767E-003   1.1868649082931597       0.67821145702526742        0.0000000000000000        1.0207768962164206E-004
                   14   1.3660004615571254E-003   1.1866855052555698       0.67817208036635468        0.0000000000000000        1.0202065480578436E-004
                   15   1.3660004618319501E-003   1.1866676052933887       0.67802786237973789        0.0000000000000000        1.0197832485223266E-004
                   16   1.3660004621350791E-003   1.1867219077108870       0.67788890599651075        0.0000000000000000        1.0195603631743223E-004
                   17   1.3660004624330604E-003   1.1867869841960701       0.67779966018332505        0.0000000000000000        1.0194943787866681E-004
                   18   1.3660004626827951E-003   1.1868336917463855       0.67776190674118741        0.0000000000000000        1.0195148929443392E-004
                   19   1.3660004628623947E-003   1.1868562380885042       0.67775891835985858        0.0000000000000000        1.0195637271098981E-004
                   20   1.3660004629737822E-003   1.1868605551220086       0.67777174948373820        0.0000000000000000        1.0196070806268927E-004
                   21   1.3660004630327630E-003   1.1868554752411953       0.67778698826129047        0.0000000000000000        1.0196328745714068E-004
                   22   1.3660004630586628E-003   1.1868480050884407       0.67779810841071242        0.0000000000000000        1.0196421303862818E-004
                   23   1.3660004630675732E-003   1.1868419697705905       0.67780373783081338        0.0000000000000000        1.0196410259164777E-004
                   24   1.3660004630699598E-003   1.1868385332971476       0.67780514984950446        0.0000000000000000        1.0196357731376477E-004
                   25   1.3660004630711169E-003   1.1868373277889657       0.67780430625067922        0.0000000000000000        1.0196304567475223E-004
                   26   1.3660004630728479E-003   1.1868374536070707       0.67780280013118721        0.0000000000000000        1.0196268615572779E-004
                   27   1.3660004630751661E-003   1.1868380870547135       0.67780152703812191        0.0000000000000000        1.0196251786102553E-004
                   28   1.3660004630775863E-003   1.1868387117107473       0.67780078957614920        0.0000000000000000        1.0196248603637368E-004
                   29   1.3660004630805652E-003   1.1868391193370726       0.67780051657638352        0.0000000000000000        1.0196251933001929E-004
                   30   1.3660004630811587E-003   1.1868392921276805       0.67780054351815500        0.0000000000000000        1.0196256958232491E-004
                   31   1.3660004630816258E-003   1.1868393045071071       0.67780068752697598        0.0000000000000000        1.0196260929587101E-004
                   32   1.3660004630819500E-003   1.1868392438665429       0.67780083054653739        0.0000000000000000        1.0196263035110559E-004
                   33   1.3660004630666586E-003   1.1868391714152500       0.67780092796656788        0.0000000000000000        1.0196263665146605E-004
                   34   1.3660004630769761E-003   1.1868391176599165       0.67780097436597808        0.0000000000000000        1.0196263472072357E-004
                   35   1.3660004630829379E-003   1.1868390901258947       0.67780098142097156        0.0000000000000000        1.0196262954687310E-004
                   36   1.3660004630875143E-003   1.1868390834094327       0.67780096829651260        0.0000000000000000        1.0196262452713401E-004
                   37   1.3660004630870516E-003   1.1868390880202047       0.67780095075315216        0.0000000000000000        2.2941590875109908E-006
                   38   1.3660004630892321E-003   1.1868390959497184       0.67780093732459079        0.0000000000000000        7.7619681203553028E-005
                   39   1.3660004630856109E-003   1.1868391026529845       0.67780092997271590        0.0000000000000000        9.8099843689321663E-005
                   40   1.3660004630836533E-003   1.1868391005469134       0.67780092524586377        0.0000000000000000        1.0137844585338263E-004
