   13.848490427638554     
   13.848490427638554     
   13.848490427638554     
   13.815709157924939     
   13.815709157924939     
   13.783362852354431     
   13.751445739527464     
   13.719952124623319     
   13.688876388384028     
   13.627956446679459     
   13.598101371554760     
   13.539574377305062     
   13.510892015483030     
   13.454663973235128     
   13.399918175279645     
   13.346615547730053     
   13.294718046738273     
   13.244188631341521     
   13.194991237024940     
   13.123616127399687     
   13.077597181036221     
   13.032791353925417     
   12.967500000000001     
   12.924166666666666     
   12.880833333333333     
   12.815833333333334     
   12.772500000000001     
   12.729166666666668     
   12.685833333333333     
   12.642500000000000     
   12.599166666666667     
   12.555833333333334     
   12.512500000000001     
   12.469166666666666     
   12.447500000000000     
   12.404166666666667     
   12.382500000000000     
   12.339166666666667     
   12.317500000000001     
   12.295833333333334     
   12.274166666666668     
   12.252500000000001     
   12.230833333333333     
   12.209166666666667     
   12.209166666666667     
   12.187500000000000     
   12.187500000000000     
   12.165833333333333     
   12.165833333333333     
   12.165833333333333     
   12.165833333333333     
   12.165833333333333     
   12.165833333333333     
   12.187500000000000     
   12.187500000000000     
   12.209166666666667     
   12.209166666666667     
   12.230833333333333     
   12.252500000000001     
   12.274166666666668     
   12.295833333333334     
   12.317500000000001     
   12.339166666666667     
   12.382500000000000     
   12.404166666666667     
   12.447500000000000     
   12.469166666666666     
   12.512500000000001     
   12.555833333333334     
   12.599166666666667     
   12.642500000000000     
   12.685833333333333     
   12.729166666666668     
   12.772500000000001     
   12.815833333333334     
   12.880833333333333     
   12.924166666666666     
   12.967500000000001     
   13.032791353925417     
   13.077597181036221     
   13.123616127399687     
   13.194991237024940     
   13.244188631341521     
   13.294718046738273     
   13.346615547730053     
   13.399918175279645     
   13.454663973235128     
   13.510892015483030     
   13.539574377305062     
   13.598101371554760     
   13.627956446679459     
   13.688876388384028     
   13.719952124623319     
   13.751445739527464     
   13.783362852354431     
   13.815709157924939     
   13.815709157924939     
   13.848490427638554     
   13.848490427638554     
   13.848490427638554     
