                  100                  600                  600   0.0000000000000000     
   1.5707963267948967E-002
   4.7123889803846901E-002
   7.8539816339744828E-002
  0.10995574287564278     
  0.14137166941154070     
  0.17278759594743864     
  0.20420352248333656     
  0.23561944901923451     
  0.26703537555513246     
  0.29845130209103038     
  0.32986722862692830     
  0.36128315516282622     
  0.39269908169872420     
  0.42411500823462212     
  0.45553093477052004     
  0.48694686130641796     
  0.51836278784231593     
  0.54977871437821380     
  0.58119464091411177     
  0.61261056745000975     
  0.64402649398590761     
  0.67544242052180559     
  0.70685834705770356     
  0.73827427359360143     
  0.76969020012949940     
  0.80110612666539727     
  0.83252205320129524     
  0.86393797973719322     
  0.89535390627309108     
  0.92676983280898906     
  0.95818575934488703     
  0.98960168588078490     
   1.0210176124166828     
   1.0524335389525807     
   1.0838494654884787     
   1.1152653920243767     
   1.1466813185602747     
   1.1780972450961724     
   1.2095131716320704     
   1.2409290981679684     
   1.2723450247038663     
   1.3037609512397643     
   1.3351768777756623     
   1.3665928043115600     
   1.3980087308474580     
   1.4294246573833560     
   1.4608405839192540     
   1.4922565104551520     
   1.5236724369910497     
   1.5550883635269477     
   1.5865042900628457     
   1.6179202165987436     
   1.6493361431346416     
   1.6807520696705394     
   1.7121679962064373     
   1.7435839227423353     
   1.7749998492782333     
   1.8064157758141313     
   1.8378317023500292     
   1.8692476288859270     
   1.9006635554218250     
   1.9320794819577229     
   1.9634954084936209     
   1.9949113350295189     
   2.0263272615654166     
   2.0577431881013148     
   2.0891591146372126     
   2.1205750411731104     
   2.1519909677090086     
   2.1834068942449063     
   2.2148228207808045     
   2.2462387473167023     
   2.2776546738526000     
   2.3090706003884982     
   2.3404865269243960     
   2.3719024534602942     
   2.4033183799961919     
   2.4347343065320897     
   2.4661502330679879     
   2.4975661596038856     
   2.5289820861397838     
   2.5603980126756816     
   2.5918139392115798     
   2.6232298657474775     
   2.6546457922833753     
   2.6860617188192735     
   2.7174776453551712     
   2.7488935718910694     
   2.7803094984269672     
   2.8117254249628649     
   2.8431413514987631     
   2.8745572780346609     
   2.9059732045705591     
   2.9373891311064568     
   2.9688050576423546     
   3.0002209841782528     
   3.0316369107141505     
   3.0630528372500487     
   3.0944687637859465     
   3.1258846903218442     
   2.5000000000000001E-002
   7.5000000000000011E-002
  0.12500000000000000     
  0.17500000000000002     
  0.22500000000000001     
  0.27500000000000002     
  0.32500000000000001     
  0.37500000000000000     
  0.42500000000000004     
  0.47500000000000003     
  0.52500000000000002     
  0.57500000000000007     
  0.62500000000000000     
  0.67500000000000004     
  0.72500000000000009     
  0.77500000000000002     
  0.82500000000000007     
  0.87500000000000000     
  0.92500000000000004     
  0.97500000000000009     
   1.0250000000000001     
   1.0750000000000000     
   1.1250000000000000     
   1.1750000000000000     
   1.2250000000000001     
   1.2750000000000001     
   1.3250000000000002     
   1.3750000000000000     
   1.4250000000000000     
   1.4750000000000001     
   1.5250000000000001     
   1.5750000000000002     
   1.6250000000000000     
   1.6750000000000000     
   1.7250000000000001     
   1.7750000000000001     
   1.8250000000000002     
   1.8750000000000000     
   1.9250000000000000     
   1.9750000000000001     
   2.0249999999999999     
   2.0750000000000002     
   2.1250000000000000     
   2.1750000000000003     
   2.2250000000000001     
   2.2749999999999999     
   2.3250000000000002     
   2.3750000000000000     
   2.4250000000000003     
   2.4750000000000001     
   2.5250000000000004     
   2.5750000000000002     
   2.6250000000000000     
   2.6750000000000003     
   2.7250000000000001     
   2.7750000000000004     
   2.8250000000000002     
   2.8750000000000000     
   2.9250000000000003     
   2.9750000000000001     
   3.0250000000000004     
   3.0750000000000002     
   3.1250000000000000     
   3.1750000000000003     
   3.2250000000000001     
   3.2750000000000004     
   3.3250000000000002     
   3.3750000000000000     
   3.4250000000000003     
   3.4750000000000001     
   3.5250000000000004     
   3.5750000000000002     
   3.6250000000000000     
   3.6750000000000003     
   3.7250000000000001     
   3.7750000000000004     
   3.8250000000000002     
   3.8750000000000000     
   3.9250000000000003     
   3.9750000000000001     
   4.0250000000000004     
   4.0750000000000002     
   4.1250000000000000     
   4.1749999999999998     
   4.2250000000000005     
   4.2750000000000004     
   4.3250000000000002     
   4.3750000000000000     
   4.4249999999999998     
   4.4750000000000005     
   4.5250000000000004     
   4.5750000000000002     
   4.6250000000000000     
   4.6749999999999998     
   4.7250000000000005     
   4.7750000000000004     
   4.8250000000000002     
   4.8750000000000000     
   4.9250000000000007     
   4.9750000000000005     
   5.0250000000000004     
   5.0750000000000002     
   5.1250000000000000     
   5.1750000000000007     
   5.2250000000000005     
   5.2750000000000004     
   5.3250000000000002     
   5.3750000000000000     
   5.4250000000000007     
   5.4750000000000005     
   5.5250000000000004     
   5.5750000000000002     
   5.6250000000000000     
   5.6750000000000007     
   5.7250000000000005     
   5.7750000000000004     
   5.8250000000000002     
   5.8750000000000000     
   5.9250000000000007     
   5.9750000000000005     
   6.0250000000000004     
   6.0750000000000002     
   6.1250000000000000     
   6.1750000000000007     
   6.2250000000000005     
   6.2750000000000004     
   6.3250000000000002     
   6.3750000000000000     
   6.4250000000000007     
   6.4750000000000005     
   6.5250000000000004     
   6.5750000000000002     
   6.6250000000000000     
   6.6750000000000007     
   6.7250000000000005     
   6.7750000000000004     
   6.8250000000000002     
   6.8750000000000000     
   6.9250000000000007     
   6.9750000000000005     
   7.0250000000000004     
   7.0750000000000002     
   7.1250000000000000     
   7.1750000000000007     
   7.2250000000000005     
   7.2750000000000004     
   7.3250000000000002     
   7.3750000000000000     
   7.4250000000000007     
   7.4750000000000005     
   7.5250000000000004     
   7.5750000000000002     
   7.6250000000000000     
   7.6750000000000007     
   7.7250000000000005     
   7.7750000000000004     
   7.8250000000000002     
   7.8750000000000000     
   7.9250000000000007     
   7.9750000000000005     
   8.0250000000000004     
   8.0750000000000011     
   8.1250000000000000     
   8.1750000000000007     
   8.2249999999999996     
   8.2750000000000004     
   8.3250000000000011     
   8.3750000000000000     
   8.4250000000000007     
   8.4749999999999996     
   8.5250000000000004     
   8.5750000000000011     
   8.6250000000000000     
   8.6750000000000007     
   8.7249999999999996     
   8.7750000000000004     
   8.8250000000000011     
   8.8750000000000000     
   8.9250000000000007     
   8.9749999999999996     
   9.0250000000000004     
   9.0750000000000011     
   9.1250000000000000     
   9.1750000000000007     
   9.2249999999999996     
   9.2750000000000004     
   9.3250000000000011     
   9.3750000000000000     
   9.4250000000000007     
   9.4749999999999996     
   9.5250000000000004     
   9.5750000000000011     
   9.6250000000000000     
   9.6750000000000007     
   9.7250000000000014     
   9.7750000000000004     
   9.8250000000000011     
   9.8750000000000000     
   9.9250000000000007     
   9.9750000000000014     
   10.025000000000000     
   10.075000000000001     
   10.125000000000000     
   10.175000000000001     
   10.225000000000001     
   10.275000000000000     
   10.325000000000001     
   10.375000000000000     
   10.425000000000001     
   10.475000000000001     
   10.525000000000000     
   10.575000000000001     
   10.625000000000000     
   10.675000000000001     
   10.725000000000001     
   10.775000000000000     
   10.825000000000001     
   10.875000000000000     
   10.925000000000001     
   10.975000000000001     
   11.025000000000000     
   11.075000000000001     
   11.125000000000000     
   11.175000000000001     
   11.225000000000001     
   11.275000000000000     
   11.325000000000001     
   11.375000000000000     
   11.425000000000001     
   11.475000000000001     
   11.525000000000000     
   11.575000000000001     
   11.625000000000000     
   11.675000000000001     
   11.725000000000001     
   11.775000000000000     
   11.825000000000001     
   11.875000000000000     
   11.925000000000001     
   11.975000000000001     
   12.025000000000000     
   12.075000000000001     
   12.125000000000000     
   12.175000000000001     
   12.225000000000001     
   12.275000000000000     
   12.325000000000001     
   12.375000000000000     
   12.425000000000001     
   12.475000000000001     
   12.525000000000000     
   12.575000000000001     
   12.625000000000000     
   12.675000000000001     
   12.725000000000001     
   12.775000000000000     
   12.825000000000001     
   12.875000000000000     
   12.925000000000001     
   12.975000000000001     
   13.025000000000000     
   13.075000000000001     
   13.125000000000000     
   13.175000000000001     
   13.225000000000001     
   13.275000000000000     
   13.325000000000001     
   13.375000000000000     
   13.425000000000001     
   13.475000000000001     
   13.525000000000000     
   13.575000000000001     
   13.625000000000000     
   13.675000000000001     
   13.725000000000001     
   13.775000000000000     
   13.825000000000001     
   13.875000000000000     
   13.925000000000001     
   13.975000000000001     
   14.025000000000000     
   14.075000000000001     
   14.125000000000000     
   14.175000000000001     
   14.225000000000001     
   14.275000000000000     
   14.325000000000001     
   14.375000000000000     
   14.425000000000001     
   14.475000000000001     
   14.525000000000000     
   14.575000000000001     
   14.625000000000000     
   14.675000000000001     
   14.725000000000001     
   14.775000000000000     
   14.825000000000001     
   14.875000000000000     
   14.925000000000001     
   14.975000000000001     
   15.025000000000000     
   15.075000000000001     
   15.125000000000000     
   15.175000000000001     
   15.225000000000001     
   15.275000000000000     
   15.325000000000001     
   15.375000000000000     
   15.425000000000001     
   15.475000000000001     
   15.525000000000000     
   15.575000000000001     
   15.625000000000000     
   15.675000000000001     
   15.725000000000001     
   15.775000000000000     
   15.825000000000001     
   15.875000000000000     
   15.925000000000001     
   15.975000000000001     
   16.025000000000002     
   16.074999999999999     
   16.125000000000000     
   16.175000000000001     
   16.225000000000001     
   16.275000000000002     
   16.324999999999999     
   16.375000000000000     
   16.425000000000001     
   16.475000000000001     
   16.525000000000002     
   16.574999999999999     
   16.625000000000000     
   16.675000000000001     
   16.725000000000001     
   16.775000000000002     
   16.824999999999999     
   16.875000000000000     
   16.925000000000001     
   16.975000000000001     
   17.025000000000002     
   17.074999999999999     
   17.125000000000000     
   17.175000000000001     
   17.225000000000001     
   17.275000000000002     
   17.324999999999999     
   17.375000000000000     
   17.425000000000001     
   17.475000000000001     
   17.525000000000002     
   17.574999999999999     
   17.625000000000000     
   17.675000000000001     
   17.725000000000001     
   17.775000000000002     
   17.824999999999999     
   17.875000000000000     
   17.925000000000001     
   17.975000000000001     
   18.025000000000002     
   18.074999999999999     
   18.125000000000000     
   18.175000000000001     
   18.225000000000001     
   18.275000000000002     
   18.324999999999999     
   18.375000000000000     
   18.425000000000001     
   18.475000000000001     
   18.525000000000002     
   18.574999999999999     
   18.625000000000000     
   18.675000000000001     
   18.725000000000001     
   18.775000000000002     
   18.824999999999999     
   18.875000000000000     
   18.925000000000001     
   18.975000000000001     
   19.025000000000002     
   19.074999999999999     
   19.125000000000000     
   19.175000000000001     
   19.225000000000001     
   19.275000000000002     
   19.325000000000003     
   19.375000000000000     
   19.425000000000001     
   19.475000000000001     
   19.525000000000002     
   19.575000000000003     
   19.625000000000000     
   19.675000000000001     
   19.725000000000001     
   19.775000000000002     
   19.825000000000003     
   19.875000000000000     
   19.925000000000001     
   19.975000000000001     
   20.025000000000002     
   20.075000000000003     
   20.125000000000000     
   20.175000000000001     
   20.225000000000001     
   20.275000000000002     
   20.325000000000003     
   20.375000000000000     
   20.425000000000001     
   20.475000000000001     
   20.525000000000002     
   20.575000000000003     
   20.625000000000000     
   20.675000000000001     
   20.725000000000001     
   20.775000000000002     
   20.825000000000003     
   20.875000000000000     
   20.925000000000001     
   20.975000000000001     
   21.025000000000002     
   21.075000000000003     
   21.125000000000000     
   21.175000000000001     
   21.225000000000001     
   21.275000000000002     
   21.325000000000003     
   21.375000000000000     
   21.425000000000001     
   21.475000000000001     
   21.525000000000002     
   21.575000000000003     
   21.625000000000000     
   21.675000000000001     
   21.725000000000001     
   21.775000000000002     
   21.825000000000003     
   21.875000000000000     
   21.925000000000001     
   21.975000000000001     
   22.025000000000002     
   22.075000000000003     
   22.125000000000000     
   22.175000000000001     
   22.225000000000001     
   22.275000000000002     
   22.325000000000003     
   22.375000000000000     
   22.425000000000001     
   22.475000000000001     
   22.525000000000002     
   22.575000000000003     
   22.625000000000000     
   22.675000000000001     
   22.725000000000001     
   22.775000000000002     
   22.825000000000003     
   22.875000000000000     
   22.925000000000001     
   22.975000000000001     
   23.025000000000002     
   23.075000000000003     
   23.125000000000000     
   23.175000000000001     
   23.225000000000001     
   23.275000000000002     
   23.325000000000003     
   23.375000000000000     
   23.425000000000001     
   23.475000000000001     
   23.525000000000002     
   23.575000000000003     
   23.625000000000000     
   23.675000000000001     
   23.725000000000001     
   23.775000000000002     
   23.825000000000003     
   23.875000000000000     
   23.925000000000001     
   23.975000000000001     
   24.025000000000002     
   24.075000000000003     
   24.125000000000000     
   24.175000000000001     
   24.225000000000001     
   24.275000000000002     
   24.325000000000003     
   24.375000000000000     
   24.425000000000001     
   24.475000000000001     
   24.525000000000002     
   24.575000000000003     
   24.625000000000000     
   24.675000000000001     
   24.725000000000001     
   24.775000000000002     
   24.825000000000003     
   24.875000000000000     
   24.925000000000001     
   24.975000000000001     
   25.025000000000002     
   25.075000000000003     
   25.125000000000000     
   25.175000000000001     
   25.225000000000001     
   25.275000000000002     
   25.325000000000003     
   25.375000000000000     
   25.425000000000001     
   25.475000000000001     
   25.525000000000002     
   25.575000000000003     
   25.625000000000000     
   25.675000000000001     
   25.725000000000001     
   25.775000000000002     
   25.825000000000003     
   25.875000000000000     
   25.925000000000001     
   25.975000000000001     
   26.025000000000002     
   26.075000000000003     
   26.125000000000000     
   26.175000000000001     
   26.225000000000001     
   26.275000000000002     
   26.325000000000003     
   26.375000000000000     
   26.425000000000001     
   26.475000000000001     
   26.525000000000002     
   26.575000000000003     
   26.625000000000000     
   26.675000000000001     
   26.725000000000001     
   26.775000000000002     
   26.825000000000003     
   26.875000000000000     
   26.925000000000001     
   26.975000000000001     
   27.025000000000002     
   27.075000000000003     
   27.125000000000000     
   27.175000000000001     
   27.225000000000001     
   27.275000000000002     
   27.325000000000003     
   27.375000000000000     
   27.425000000000001     
   27.475000000000001     
   27.525000000000002     
   27.575000000000003     
   27.625000000000000     
   27.675000000000001     
   27.725000000000001     
   27.775000000000002     
   27.825000000000003     
   27.875000000000000     
   27.925000000000001     
   27.975000000000001     
   28.025000000000002     
   28.075000000000003     
   28.125000000000000     
   28.175000000000001     
   28.225000000000001     
   28.275000000000002     
   28.325000000000003     
   28.375000000000000     
   28.425000000000001     
   28.475000000000001     
   28.525000000000002     
   28.575000000000003     
   28.625000000000000     
   28.675000000000001     
   28.725000000000001     
   28.775000000000002     
   28.825000000000003     
   28.875000000000000     
   28.925000000000001     
   28.975000000000001     
   29.025000000000002     
   29.075000000000003     
   29.125000000000000     
   29.175000000000001     
   29.225000000000001     
   29.275000000000002     
   29.325000000000003     
   29.375000000000000     
   29.425000000000001     
   29.475000000000001     
   29.525000000000002     
   29.575000000000003     
   29.625000000000000     
   29.675000000000001     
   29.725000000000001     
   29.775000000000002     
   29.825000000000003     
   29.875000000000000     
   29.925000000000001     
   29.975000000000001     
