   6.6250000000000000     
   6.6750000000000007     
   6.6750000000000007     
   6.6750000000000007     
   6.6750000000000007     
   6.7250000000000005     
   6.7750000000000004     
   6.7750000000000004     
   6.8250000000000002     
   6.8750000000000000     
   6.9250000000000007     
   6.9750000000000005     
   7.0250000000000004     
   7.0750000000000002     
   7.1750000000000007     
   7.2250000000000005     
   7.3250000000000002     
   7.3750000000000000     
   7.4750000000000005     
   7.5750000000000002     
   7.6750000000000007     
   7.7750000000000004     
   7.8750000000000000     
   7.9750000000000005     
   8.0750000000000011     
   8.1750000000000007     
   8.3250000000000011     
   8.4250000000000007     
   8.5250000000000004     
   8.6250000000000000     
   8.7750000000000004     
   8.8750000000000000     
   8.9749999999999996     
   9.1250000000000000     
   9.2249999999999996     
   9.3250000000000011     
   9.4250000000000007     
   9.5250000000000004     
   9.6250000000000000     
   9.6750000000000007     
   9.7750000000000004     
   9.8250000000000011     
   9.9250000000000007     
   9.9750000000000014     
   10.025000000000000     
   10.075000000000001     
   10.075000000000001     
   10.125000000000000     
   10.125000000000000     
   10.175000000000001     
   10.175000000000001     
   10.125000000000000     
   10.125000000000000     
   10.075000000000001     
   10.075000000000001     
   10.025000000000000     
   9.9750000000000014     
   9.9250000000000007     
   9.8250000000000011     
   9.7750000000000004     
   9.6750000000000007     
   9.6250000000000000     
   9.5250000000000004     
   9.4250000000000007     
   9.3250000000000011     
   9.2249999999999996     
   9.1250000000000000     
   8.9749999999999996     
   8.8750000000000000     
   8.7750000000000004     
   8.6250000000000000     
   8.5250000000000004     
   8.4250000000000007     
   8.3250000000000011     
   8.1750000000000007     
   8.0750000000000011     
   7.9750000000000005     
   7.8750000000000000     
   7.7750000000000004     
   7.6750000000000007     
   7.5750000000000002     
   7.4750000000000005     
   7.3750000000000000     
   7.3250000000000002     
   7.2250000000000005     
   7.1750000000000007     
   7.0750000000000002     
   7.0250000000000004     
   6.9750000000000005     
   6.9250000000000007     
   6.8750000000000000     
   6.8250000000000002     
   6.7750000000000004     
   6.7250000000000005     
   6.7250000000000005     
   6.6750000000000007     
   6.6750000000000007     
   6.6750000000000007     
   6.6750000000000007     
   6.6250000000000000     
