                    1   7.4429861345685986E-004   6.0937846859318459E-005 -0.55450222233369506       0.50940805550370782        0.0000000000000000     
                    2   7.4420752732622336E-004   6.0922932810191263E-005 -0.55446778332979696       0.50937998834525766        0.0000000000000000     
                    3   7.4402538960262202E-004   6.0893115841066680E-005 -0.55439891660189877       0.50932386181166434        0.0000000000000000     
                    4   7.4375226972685042E-004   6.0848418259622586E-005 -0.55429564485102434       0.50923969161452343        0.0000000000000000     
                    5   7.4338827155299211E-004   6.0788873451079972E-005 -0.55415800202028465       0.50912750122227790        0.0000000000000000     
                    6   7.4293353342089077E-004   6.0714525858937478E-005 -0.55398603333147967       0.50898732190815255        0.0000000000000000     
                    7   7.4238822802585229E-004   6.0625430922250136E-005 -0.55377979524807175       0.50881919272821086        0.0000000000000000     
                    8   7.4175256225973252E-004   6.0521654998076622E-005 -0.55353935543034527       0.50862316049531864        0.0000000000000000     
                    9   7.4102677702277012E-004   6.0403275269122977E-005 -0.55326479268247575       0.50839927974870169        0.0000000000000000     
                   10   7.4021114700557596E-004   6.0270379636644147E-005 -0.55295619689124198       0.50814761271879161        0.0000000000000000     
                   11   7.3930598044133565E-004   6.0123066598795706E-005 -0.55261366895635577       0.50786822928728415        0.0000000000000000     
                   12   7.3831161882853709E-004   5.9961445114693656E-005 -0.55223732071246812       0.50756120694241846        0.0000000000000000     
                   13   7.3722843662465118E-004   5.9785634454483014E-005 -0.55182727484295468       0.50722663072951713        0.0000000000000000     
                   14   7.3605684091127162E-004   5.9595764035750907E-005 -0.55138366478560152       0.50686459319684340        0.0000000000000000     
                   15   7.3479727103127493E-004   5.9391973246650976E-005 -0.55090663463033041       0.50647519433684185        0.0000000000000000     
                   16   7.3345019819861666E-004   5.9174411256134914E-005 -0.55039633900911478       0.50605854152283702        0.0000000000000000     
                   17   7.3201612508142075E-004   5.8943236811713998E-005 -0.54985294297825260       0.50561474944127083        0.0000000000000000     
                   18   7.3049558535906445E-004   5.8698618025199057E-005 -0.54927662189316750       0.50514394001956497        0.0000000000000000     
                   19   7.2888914325400450E-004   5.8440732146891233E-005 -0.54866756127592808       0.50464624234970046        0.0000000000000000     
                   20   7.2719739303912009E-004   5.8169765328718190E-005 -0.54802595667567622       0.50412179260761181        0.0000000000000000     
                   21   7.2542095852139599E-004   5.7885912376831101E-005 -0.54735201352217389       0.50357073396849739        0.0000000000000000     
                   22   7.2356049250278936E-004   5.7589376494196693E-005 -0.54664594697267765       0.50299321651815276        0.0000000000000000     
                   23   7.2161667621916780E-004   5.7280369013735916E-005 -0.54590798175236599       0.50238939716043840        0.0000000000000000     
                   24   7.1959021875822560E-004   5.6959109122576218E-005 -0.54513835198854743       0.50175943952099611        0.0000000000000000     
                   25   7.1748185645731648E-004   5.6625823577998097E-005 -0.54433730103888633       0.50110351384733409        0.0000000000000000     
                   26   7.1529235228216348E-004   5.6280746415668575E-005 -0.54350508131389075       0.50042179690540212        0.0000000000000000     
                   27   7.1302249518743089E-004   5.5924118650764081E-005 -0.54264195409391036       0.49971447187278373        0.0000000000000000     
                   28   7.1067309946015711E-004   5.5556187972593702E-005 -0.54174818934090163       0.49898172822863396        0.0000000000000000     
                   29   7.0824500404707087E-004   5.5177208433339900E-005 -0.54082406550521744       0.49822376164049453        0.0000000000000000     
                   30   7.0573907186682048E-004   5.4787440131538531E-005 -0.53986986932768832       0.49744077384812108        0.0000000000000000     
                   31   7.0315618910816351E-004   5.4387148890922696E-005 -0.53888589563726075       0.49663297254445898        0.0000000000000000     
                   32   7.0049726451516976E-004   5.3976605935255923E-005 -0.53787244714446625       0.49580057125390659        0.0000000000000000     
                   33   6.9776322866049777E-004   5.3556087559779434E-005 -0.53682983423099273       0.49494378920800647        0.0000000000000000     
                   34   6.9495503320781186E-004   5.3125874799895795E-005 -0.53575837473563581       0.49406285121870636        0.0000000000000000     
                   35   6.9207365016440395E-004   5.2686253097706994E-005 -0.53465839373690660       0.49315798754933371        0.0000000000000000     
                   36   6.8912007112508953E-004   5.2237511967019331E-005 -0.53353022333257427       0.49222943378342743        0.0000000000000000     
                   37   6.8609530650843968E-004   5.1779944657420071E-005 -0.53237420241642186       0.49127743069157198        0.0000000000000000     
                   38   6.8300038478640837E-004   5.1313847818022013E-005 -0.53119067645249396       0.49030222409637936        0.0000000000000000     
                   39   6.7983635170840769E-004   5.0839521161461763E-005 -0.52997999724711398       0.48930406473576410        0.0000000000000000     
                   40   6.7660426952087115E-004   5.0357267128725890E-005 -0.52874252271894651       0.48828320812465753        0.0000000000000000     
                   41   6.7330521618333774E-004   4.9867390555366038E-005 -0.52747861666738027       0.48723991441530579        0.0000000000000000     
                   42   6.6994028458207313E-004   4.9370198339650012E-005 -0.52618864853950309       0.48617444825629663        0.0000000000000000     
                   43   6.6651058174223038E-004   4.8865999113180305E-005 -0.52487299319593972       0.48508707865045891        0.0000000000000000     
                   44   6.6301722803953497E-004   4.8355102914495157E-005 -0.52353203067581677       0.48397807881177757        0.0000000000000000     
                   45   6.5946135641246049E-004   4.7837820866149843E-005 -0.52216614596111977       0.48284772602146581        0.0000000000000000     
                   46   6.5584411157584063E-004   4.7314464855757411E-005 -0.52077572874069855       0.48169630148333498        0.0000000000000000     
                   47   6.5216664923684118E-004   4.6785347221448994E-005 -0.51936117317417740       0.48052409017860021        0.0000000000000000     
                   48   6.4843013531419179E-004   4.6250780442193923E-005 -0.51792287765601752       0.47933138072025938        0.0000000000000000     
                   49   6.4463574516155384E-004   4.5711076833399096E-005 -0.51646124457997655       0.47811846520717943        0.0000000000000000     
                   50   6.4078466279587324E-004   4.5166548248186312E-005 -0.51497668010420339       0.47688563907802306        0.0000000000000000     
                   51   6.3687808013154095E-004   4.4617505784724124E-005 -0.51346959391720182       0.47563320096514600        0.0000000000000000     
                   52   6.3291719622115487E-004   4.4064259499969260E-005 -0.51194039900488753       0.47436145254859235        0.0000000000000000     
                   53   6.2890321650364899E-004   4.3507118130149917E-005 -0.51038951141896083       0.47307069841031318        0.0000000000000000     
                   54   6.2483735206052466E-004   4.2946388818300892E-005 -0.50881735004680606       0.47176124588873031        0.0000000000000000     
                   55   6.2072081888088861E-004   4.2382376849137699E-005 -0.50722433638312681       0.47043340493376506        0.0000000000000000     
                   56   6.1655483713597074E-004   4.1815385391533978E-005 -0.50561089430351303       0.46908748796244759        0.0000000000000000     
                   57   6.1234063046376502E-004   4.1245715248843736E-005 -0.50397744984013526       0.46772380971521993        0.0000000000000000     
                   58   6.0807942526440039E-004   4.0673664617287191E-005 -0.50232443095974832       0.46634268711304278        0.0000000000000000     
                   59   6.0377245000682144E-004   4.0099528852596369E-005 -0.50065226734418189       0.46494443911541189        0.0000000000000000     
                   60   5.9942093454732118E-004   3.9523600245094224E-005 -0.49896139017348828       0.46352938657938725        0.0000000000000000     
                   61   5.9502610946043824E-004   3.8946167803358796E-005 -0.49725223191190726       0.46209785211973425        0.0000000000000000     
                   62   5.9058920538269781E-004   3.8367517046602304E-005 -0.49552522609680272       0.46065015997027259        0.0000000000000000     
                   63   5.8611145236964006E-004   3.7787929805873377E-005 -0.49378080713071620       0.45918663584652492        0.0000000000000000     
                   64   5.8159407926655150E-004   3.7207684034169854E-005 -0.49201941007667521       0.45770760680975353        0.0000000000000000     
                   65   5.7703831309327742E-004   3.6627053625528883E-005 -0.49024147045688615       0.45621340113247028        0.0000000000000000     
                   66   5.7244537844346589E-004   3.6046308243141122E-005 -0.48844742405493280       0.45470434816549948        0.0000000000000000     
                   67   5.6781649689855742E-004   3.5465713156516439E-005 -0.48663770672159579       0.45318077820667213        0.0000000000000000     
                   68   5.6315288645680600E-004   3.4885529087709553E-005 -0.48481275418439651       0.45164302237122356        0.0000000000000000     
                   69   5.5845576097758641E-004   3.4306012066596061E-005 -0.48297300186096620       0.45009141246396500        0.0000000000000000     
                   70   5.5372632964120760E-004   3.3727413295171569E-005 -0.48111888467632830       0.44852628085329382        0.0000000000000000     
                   71   5.4896579642442955E-004   3.3149979020829911E-005 -0.47925083688417747       0.44694796034710488        0.0000000000000000     
                   72   5.4417535959184386E-004   3.2573950418560389E-005 -0.47736929189223065       0.44535678407066115        0.0000000000000000     
                   73   5.3935621120325579E-004   3.1999563481988415E-005 -0.47547468209171634       0.44375308534647723        0.0000000000000000     
                   74   5.3450953663717357E-004   3.1427048923169460E-005 -0.47356743869106377       0.44213719757626735        0.0000000000000000     
                   75   5.2963651413048699E-004   3.0856632081032294E-005 -0.47164799155384340       0.44050945412500420        0.0000000000000000     
                   76   5.2473831433438704E-004   3.0288532838354343E-005 -0.46971676904100568       0.43887018820713197        0.0000000000000000     
                   77   5.1981609988655713E-004   2.9722965547139825E-005 -0.46777419785745611       0.43721973277497367        0.0000000000000000     
                   78   5.1487102499963818E-004   2.9160138962259582E-005 -0.46582070290299915       0.43555842040936826        0.0000000000000000     
                   79   5.0990423506594895E-004   2.8600256183200959E-005 -0.46385670712767663       0.43388658321257118        0.0000000000000000     
                   80   5.0491686627841836E-004   2.8043514603766008E-005 -0.46188263139151958       0.43220455270344704        0.0000000000000000     
                   81   4.9991004526766451E-004   2.7490105869547022E-005 -0.45989889432872627       0.43051265971498026        0.0000000000000000     
                   82   4.9488488875513591E-004   2.6940215843000163E-005 -0.45790591221627414       0.42881123429412710        0.0000000000000000     
                   83   4.8984250322220912E-004   2.6394024575929997E-005 -0.45590409884696548       0.42710060560402774        0.0000000000000000     
                   84   4.8478398459511694E-004   2.5851706289191043E-005 -0.45389386540690418       0.42538110182859534        0.0000000000000000     
                   85   4.7971041794556585E-004   2.5313429359406044E-005 -0.45187562035739148       0.42365305007949522        0.0000000000000000     
                   86   4.7462287720688239E-004   2.4779356312495332E-005 -0.44984976932122789       0.42191677630552471        0.0000000000000000     
                   87   4.6952242490551051E-004   2.4249643823806586E-005 -0.44781671497339920       0.42017260520440070        0.0000000000000000     
                   88   4.6441011190767123E-004   2.3724442724630531E-005 -0.44577685693612334       0.41842086013696023        0.0000000000000000     
                   89   4.5928697718097686E-004   2.3203898014884308E-005 -0.44373059167822776       0.41666186304377578        0.0000000000000000     
                   90   4.5415404757078099E-004   2.2688148881741554E-005 -0.44167831241882405       0.41489593436418470        0.0000000000000000     
                   91   4.4901233759103357E-004   2.2177328723986072E-005 -0.43962040903524191       0.41312339295772998        0.0000000000000000     
                   92   4.4386284922939595E-004   2.1671565181864125E-005 -0.43755726797518057       0.41134455602800624        0.0000000000000000     
                   93   4.3870657176636453E-004   2.1170980172209597E-005 -0.43548927217303229       0.40955973904890386        0.0000000000000000     
                   94   4.3354448160813711E-004   2.0675689928615518E-005 -0.43341680097032953       0.40776925569324080        0.0000000000000000     
                   95   4.2837754213295118E-004   2.0185805046425523E-005 -0.43134023004026278       0.40597341776376944        0.0000000000000000     
                   96   4.2320670355061281E-004   1.9701430532319393E-005 -0.42925993131621443       0.40417253512654550        0.0000000000000000     
                   97   4.1803290277492750E-004   1.9222665858267520E-005 -0.42717627292425009       0.40236691564664095        0.0000000000000000     
                   98   4.1285706330874034E-004   1.8749605019630894E-005 -0.42508961911950749       0.40055686512618488        0.0000000000000000     
                   99   4.0768009514128434E-004   1.8282336597184731E-005 -0.42300033022641881       0.39874268724471068        0.0000000000000000     
                  100   4.0250289465753258E-004   1.7820943822846208E-005 -0.42090876258270088       0.39692468350178950        0.0000000000000000     
                  101   3.9732634455924413E-004   1.7365504648889233E-005 -0.41881526848704709       0.39510315316192557        0.0000000000000000     
                  102   3.9215131379739208E-004   1.6916091820432272E-005 -0.41672019615044942       0.39327839320168995        0.0000000000000000     
                  103   3.8697865751565776E-004   1.6472772950988284E-005 -0.41462388965108166       0.39145069825906603        0.0000000000000000     
                  104   3.8180921700467382E-004   1.6035610600869432E-005 -0.41252668889266897       0.38962036058497940        0.0000000000000000     
                  105   3.7664381966669619E-004   1.5604662358243064E-005 -0.41042892956627164       0.38778766999698422        0.0000000000000000     
                  106   3.7148327899038503E-004   1.5179980922639309E-005 -0.40833094311540630       0.38595291383507541        0.0000000000000000     
                  107   3.6632839453537471E-004   1.4761614190715168E-005 -0.40623305670442866       0.38411637691959677        0.0000000000000000     
                  108   3.6117995192631115E-004   1.4349605344084166E-005 -0.40413559319010128       0.38227834151121270        0.0000000000000000     
                  109   3.5603872285603749E-004   1.3943992939025412E-005 -0.40203887109626740       0.38043908727291120        0.0000000000000000     
                  110   3.5090546509760988E-004   1.3544810997890691E-005 -0.39994320459155275       0.37859889123400425        0.0000000000000000     
                  111   3.4578092252482396E-004   1.3152089102033013E-005 -0.39784890347001634       0.37675802775609180        0.0000000000000000     
                  112   3.4066582514094009E-004   1.2765852486085333E-005 -0.39575627313467077       0.37491676850095396        0.0000000000000000     
                  113   3.3556088911529267E-004   1.2386122133423031E-005 -0.39366561458379234       0.37307538240033605        0.0000000000000000     
                  114   3.3046681682747389E-004   1.2012914872649151E-005 -0.39157722439994203       0.37123413562759050        0.0000000000000000     
                  115   3.2538429691878677E-004   1.1646243474946652E-005 -0.38949139474161709       0.36939329157113882        0.0000000000000000     
                  116   3.2031400435066174E-004   1.1286116752147133E-005 -0.38740841333745335       0.36755311080971653        0.0000000000000000     
                  117   3.1525660046974053E-004   1.0932539655371137E-005 -0.38532856348290062       0.36571385108936405        0.0000000000000000     
                  118   3.1021273307933013E-004   1.0585513374100249E-005 -0.38325212403929099       0.36387576730212551        0.0000000000000000     
                  119   3.0518303651693677E-004   1.0245035435546776E-005 -0.38117936943522179       0.36203911146641793        0.0000000000000000     
                  120   3.0016813173759443E-004   9.9110998041921634E-006 -0.37911056967017637       0.36020413270903245        0.0000000000000000     
                  121   2.9516862640270488E-004   9.5836969813705534E-006 -0.37704599032030361       0.35837107724872930        0.0000000000000000     
                  122   2.9018511497411529E-004   9.2628141047794566E-006 -0.37498589254628178       0.35654018838138840        0.0000000000000000     
                  123   2.8521817881316079E-004   8.9484350478045792E-006 -0.37293053310318885       0.35471170646667766        0.0000000000000000     
                  124   2.8026838628440721E-004   8.6405405185512282E-006 -0.37088016435230631       0.35288586891619955        0.0000000000000000     
                  125   2.7533629286383393E-004   8.3391081584798811E-006 -0.36883503427478059       0.35106291018307911        0.0000000000000000     
                  126   2.7042244125120157E-004   8.0441126405485520E-006 -0.36679538648707044       0.34924306175295400        0.0000000000000000     
                  127   2.6552736148635788E-004   7.7555257667697676E-006 -0.36476146025810724       0.34742655213632928        0.0000000000000000     
                  128   2.6065157106923724E-004   7.4733165650947804E-006 -0.36273349052809756       0.34561360686225917        0.0000000000000000     
                  129   2.5579557508331784E-004   7.1974513855425825E-006 -0.36071170792889851       0.34380444847331770        0.0000000000000000     
                  130   2.5095986632230630E-004   6.9278939954960832E-006 -0.35869633880589624       0.34199929652182132        0.0000000000000000     
                  131   2.4614492541982362E-004   6.6646056740923594E-006 -0.35668760524132048       0.34019836756726585        0.0000000000000000     
                  132   2.4135122098187568E-004   6.4075453056386404E-006 -0.35468572507892915       0.33840187517494191        0.0000000000000000     
                  133   2.3657920972189426E-004   6.1566694719899636E-006 -0.35269091194999713       0.33661002991569156        0.0000000000000000     
                  134   2.3182933659814334E-004   5.9119325438288769E-006 -0.35070337530054585       0.33482303936677027        0.0000000000000000     
                  135   2.2710203495328996E-004   5.6732867707917865E-006 -0.34872332041975163       0.33304110811377907        0.0000000000000000     
                  136   2.2239772665594507E-004   5.4406823703905716E-006 -0.34675094846947030       0.33126443775363068        0.0000000000000000     
                  137   2.1771682224398773E-004   5.2140676156822170E-006 -0.34478645651481976       0.32949322689851590        0.0000000000000000     
                  138   2.1305972106948912E-004   4.9933889216429364E-006 -0.34283003755576053       0.32772767118083490        0.0000000000000000     
                  139   2.0842681144506156E-004   4.7785909302070777E-006 -0.34088188055961877       0.32596796325906030        0.0000000000000000     
                  140   2.0381847079146227E-004   4.5696165939347176E-006 -0.33894217049449449       0.32421429282449798        0.0000000000000000     
                  141   1.9923506578628690E-004   4.3664072582752680E-006 -0.33701108836350124       0.32246684660891317        0.0000000000000000     
                  142   1.9467695251359639E-004   4.1689027423979166E-006 -0.33508881123978462       0.32072580839298936        0.0000000000000000     
                  143   1.9014447661432301E-004   3.9770414185628317E-006 -0.33317551230226738       0.31899135901558795        0.0000000000000000     
                  144   1.8563797343731001E-004   3.7907602900102558E-006 -0.33127136087207143       0.31726367638377750        0.0000000000000000     
                  145   1.8115776819084323E-004   3.6099950673476017E-006 -0.32937652244956717       0.31554293548360202        0.0000000000000000     
                  146   1.7670417609453882E-004   3.4346802434174766E-006 -0.32749115875200374       0.31382930839155759        0.0000000000000000     
                  147   1.7227750253145807E-004   3.2647491666324195E-006 -0.32561542775167296       0.31212296428674818        0.0000000000000000     
                  148   1.6787804320032328E-004   3.1001341127646571E-006 -0.32374948371456325       0.31042406946369122        0.0000000000000000     
                  149   1.6350608426771618E-004   2.9407663551817660E-006 -0.32189347723945927       0.30873278734574483        0.0000000000000000     
                  150   1.5916190252014434E-004   2.7865762335215120E-006 -0.32004755529744594       0.30704927849912855        0.0000000000000000     
                  151   1.5484576551586549E-004   2.6374932208013839E-006 -0.31821186127177559       0.30537370064751007        0.0000000000000000     
                  152   1.5055793173636721E-004   2.4934459889605867E-006 -0.31638653499805902       0.30370620868713172        0.0000000000000000     
                  153   1.4629865073740095E-004   2.3543624728342433E-006 -0.31457171280474266       0.30204695470245047        0.0000000000000000     
                  154   1.4206816329947686E-004   2.2201699325615508E-006 -0.31276752755383452       0.30039608798226525        0.0000000000000000     
                  155   1.3786670157772915E-004   2.0907950144314886E-006 -0.31097410868184366       0.29875375503630791        0.0000000000000000     
                  156   1.3369448925106624E-004   1.9661638101713812E-006 -0.30919158224089849       0.29712009961227198        0.0000000000000000     
                  157   1.2955174167052612E-004   1.8462019146853405E-006 -0.30742007094001145       0.29549526271325660        0.0000000000000000     
                  158   1.2543866600675947E-004   1.7308344822510893E-006 -0.30565969418645783       0.29387938261560209        0.0000000000000000     
                  159   1.2135546139656931E-004   1.6199862811851646E-006 -0.30391056812723760       0.29227259488709406        0.0000000000000000     
                  160   1.1730231908843959E-004   1.5135817469878707E-006 -0.30217280569059152       0.29067503240551512        0.0000000000000000     
                  161   1.1327942258698916E-004   1.4115450339805839E-006 -0.30044651662754240       0.28908682537752145        0.0000000000000000     
                  162   1.0928694779629354E-004   1.3138000654492768E-006 -0.29873180755343487       0.28750810135782434        0.0000000000000000     
                  163   1.0532506316201963E-004   1.2202705823091768E-006 -0.29702878198944699       0.28593898526865624        0.0000000000000000     
                  164   1.0139392981232366E-004   1.1308801903065058E-006 -0.29533754040404847       0.28437959941950069        0.0000000000000000     
                  165   9.7493701697470633E-005   1.0455524057742928E-006 -0.29365818025438267       0.28283006352706874        0.0000000000000000     
                  166   9.3624525728133401E-005   9.6421069995997036E-007 -0.29199079602754707       0.28129049473550083        0.0000000000000000     
                  167   8.9786541912343759E-005   8.8677854194347697E-007 -0.29033547928175296       0.27976100763677852        0.0000000000000000     
                  168   8.5979883491069039E-005   8.1317944016515857E-007 -0.28869231868734080       0.27824171429132666        0.0000000000000000     
                  169   8.2204677072401903E-005   7.4333698258356668E-007 -0.28706140006763259       0.27673272424878942        0.0000000000000000     
                  170   7.8461042764365786E-005   6.7717487548388004E-007 -0.28544280643960235       0.27523414456896472        0.0000000000000000     
                  171   7.4749094306351559E-005   6.1461698095818229E-007 -0.28383661805434479       0.27374607984287913        0.0000000000000000     
                  172   7.1068939199236698E-005   5.5558735307952834E-007 -0.28224291243732691       0.27226863221398973        0.0000000000000000     
                  173   6.7420678834271403E-005   5.0001027279213692E-007 -0.28066176442840451       0.27080190139949656        0.0000000000000000     
                  174   6.3804408620884350E-005   4.4781028154068590E-007 -0.27909324622158826       0.26934598471175136        0.0000000000000000     
                  175   6.0220218113662029E-005   3.9891221366227319E-007 -0.27753742740454523       0.26790097707974936        0.0000000000000000     
                  176   5.6668191138916930E-005   3.5324122756525061E-007 -0.27599437499782054       0.26646697107068912        0.0000000000000000     
                  177   5.3148405921547901E-005   3.1072283572017910E-007 -0.27446415349376690       0.26504405691158872        0.0000000000000000     
                  178   4.9660935213378983E-005   2.7128293348941673E-007 -0.27294682489516853       0.26363232251094426        0.0000000000000000     
                  179   4.6205846425050955E-005   2.3484782682409333E-007 -0.27144244875354734       0.26223185348041866        0.0000000000000000     
                  180   4.2783201765192166E-005   2.0134425886092565E-007 -0.26995108220714115       0.26084273315654904        0.0000000000000000     
                  181   3.9393058393809862E-005   1.7069943545799254E-007 -0.26847278001854019       0.25946504262245940        0.0000000000000000     
                  182   3.6035468603414322E-005   1.4284104972144255E-007 -0.26700759461197349       0.25809886072956734        0.0000000000000000     
                  183   3.2710480055495352E-005   1.1769730560070549E-007 -0.26555557611023112       0.25674426411927104        0.0000000000000000     
                  184   2.9418136132235430E-005   9.5196940684420948E-008 -0.26411677237120967       0.25540132724460107        0.0000000000000000     
                  185   2.6158476542608681E-005   7.5269248453322951E-008 -0.26269122902406300       0.25407012239181809        0.0000000000000000     
                  186   2.2931538534401329E-005   5.7844100551020638E-008 -0.26127898950492756       0.25275071970192309        0.0000000000000000     
                  187   1.9737359696620444E-005   4.2851970457315486E-008 -0.25988009509216464       0.25144318719202086        0.0000000000000000     
                  188   1.6575985493336316E-005   3.0223962458282565E-008 -0.25849458494097904       0.25014759077639331        0.0000000000000000     
                  189   1.3447493427745688E-005   1.9891858743818983E-008 -0.25712249611701854       0.24886399428688447        0.0000000000000000     
                  190   1.0352091075858677E-005   1.1788236860716017E-008 -0.25576386362760600       0.24759245949124525        0.0000000000000000     
                  191   7.2906842993045230E-006   5.8469485307338041E-009 -0.25441872044476593       0.24633304610359358        0.0000000000000000     
                  192   4.2712508689007824E-006   2.0067942383594255E-009 -0.25308709748450564       0.24508581175143099        0.0000000000000000     
                  193   1.6139099474127383E-006   2.8651758501935670E-010 -0.25176902321457167       0.24385081157133598        0.0000000000000000     
                  194   9.5346258924559233E-011   1.0000000000000001E-018 -0.25046450778378959       0.24262808231864846        0.0000000000000000     
                  195   9.5346258924559233E-011   1.0000000000000001E-018 -0.24917343324568425       0.24141753662633381        0.0000000000000000     
                  196   9.5346258924559233E-011   1.0000000000000001E-018 -0.24789561767888968       0.24021901416454150        0.0000000000000000     
                  197   9.5346258924559233E-011   1.0000000000000001E-018 -0.24663085762100057       0.23903233664181869        0.0000000000000000     
                  198   9.5346258924559233E-011   1.0000000000000001E-018 -0.24537895375649993       0.23785732927556333        0.0000000000000000     
                  199   9.5346258924559233E-011   1.0000000000000001E-018 -0.24413971081151514       0.23669382070610184        0.0000000000000000     
                  200   9.5346258924559233E-011   1.0000000000000001E-018 -0.24291293745176740       0.23554164291328081        0.0000000000000000     
                  201   9.5346258924559233E-011   1.0000000000000001E-018 -0.24169844618360109       0.23440063113548579        0.0000000000000000     
                  202   9.5346258924559233E-011   1.0000000000000001E-018 -0.24049605325798529       0.23327062379100616        0.0000000000000000     
                  203   9.5346258924559233E-011   1.0000000000000001E-018 -0.23930557857738421       0.23215146240166712        0.0000000000000000     
                  204   9.5346258924559233E-011   1.0000000000000001E-018 -0.23812684560539588       0.23104299151865190        0.0000000000000000     
                  205   9.5346258924559233E-011   1.0000000000000001E-018 -0.23695968127906442       0.22994505865044282        0.0000000000000000     
                  206   9.5346258924559233E-011   1.0000000000000001E-018 -0.23580391592377353       0.22885751419280931        0.0000000000000000     
                  207   9.5346258924559233E-011   1.0000000000000001E-018 -0.23465938317063262       0.22778021136077634        0.0000000000000000     
                  208   9.5346258924559233E-011   1.0000000000000001E-018 -0.23352591987627164       0.22671300612250816        0.0000000000000000     
                  209   9.5346258924559233E-011   1.0000000000000001E-018 -0.23240336604496148       0.22565575713504404        0.0000000000000000     
                  210   9.5346258924559233E-011   1.0000000000000001E-018 -0.23129156475298351       0.22460832568182656        0.0000000000000000     
                  211   9.5346258924559233E-011   1.0000000000000001E-018 -0.23019036207517085       0.22357057561196383        0.0000000000000000     
                  212   9.5346258924559233E-011   1.0000000000000001E-018 -0.22909960701355003       0.22254237328116988        0.0000000000000000     
                  213   9.5346258924559233E-011   1.0000000000000001E-018 -0.22801915142801327       0.22152358749432968        0.0000000000000000     
                  214   9.5346258924559233E-011   1.0000000000000001E-018 -0.22694884996895326       0.22051408944963610        0.0000000000000000     
                  215   9.5346258924559233E-011   1.0000000000000001E-018 -0.22588856001179713       0.21951375268424986        0.0000000000000000     
                  216   9.5346258924559233E-011   1.0000000000000001E-018 -0.22483814159337628       0.21852245302143330        0.0000000000000000     
                  217   9.5346258924559233E-011   1.0000000000000001E-018 -0.22379745735007278       0.21754006851911212        0.0000000000000000     
                  218   9.5346258924559233E-011   1.0000000000000001E-018 -0.22276637245768488       0.21656647941982007        0.0000000000000000     
                  219   9.5346258924559233E-011   1.0000000000000001E-018 -0.22174475457295539       0.21560156810198333        0.0000000000000000     
                  220   9.5346258924559233E-011   1.0000000000000001E-018 -0.22073247377671007       0.21464521903250319        0.0000000000000000     
                  221   9.5346258924559233E-011   1.0000000000000001E-018 -0.21972940251855433       0.21369731872059650        0.0000000000000000     
                  222   9.5346258924559233E-011   1.0000000000000001E-018 -0.21873541556307841       0.21275775567285515        0.0000000000000000     
                  223   9.5346258924559233E-011   1.0000000000000001E-018 -0.21775038993752360       0.21182642034948790        0.0000000000000000     
                  224   9.5346258924559233E-011   1.0000000000000001E-018 -0.21677420488086285       0.21090320512170693        0.0000000000000000     
                  225   9.5346258924559233E-011   1.0000000000000001E-018 -0.21580674179425202       0.20998800423022609        0.0000000000000000     
                  226   9.5346258924559233E-011   1.0000000000000001E-018 -0.21484788419280798       0.20908071374483572        0.0000000000000000     
                  227   9.5346258924559233E-011   1.0000000000000001E-018 -0.21389751765867299       0.20818123152502227        0.0000000000000000     
                  228   9.5346258924559233E-011   1.0000000000000001E-018 -0.21295552979532545       0.20728945718160141        0.0000000000000000     
                  229   9.5346258924559233E-011   1.0000000000000001E-018 -0.21202181018309785       0.20640529203933389        0.0000000000000000     
                  230   9.5346258924559233E-011   1.0000000000000001E-018 -0.21109625033586576       0.20552863910049535        0.0000000000000000     
                  231   9.5346258924559233E-011   1.0000000000000001E-018 -0.21017874365887124       0.20465940300937149        0.0000000000000000     
                  232   9.5346258924559233E-011   1.0000000000000001E-018 -0.20926918540764644       0.20379749001765129        0.0000000000000000     
                  233   9.5346258924559233E-011   1.0000000000000001E-018 -0.20836747264800454       0.20294280795069231        0.0000000000000000     
                  234   9.5346258924559233E-011   1.0000000000000001E-018 -0.20747350421706440       0.20209526617463172        0.0000000000000000     
                  235   9.5346258924559233E-011   1.0000000000000001E-018 -0.20658718068527965       0.20125477556431948        0.0000000000000000     
                  236   9.5346258924559233E-011   1.0000000000000001E-018 -0.20570840431944060       0.20042124847204876        0.0000000000000000     
                  237   9.5346258924559233E-011   1.0000000000000001E-018 -0.20483707904662080       0.19959459869706117        0.0000000000000000     
                  238   9.5346258924559233E-011   1.0000000000000001E-018 -0.20397311041904009       0.19877474145580445        0.0000000000000000     
                  239   9.5346258924559233E-011   1.0000000000000001E-018 -0.20311640557981692       0.19796159335292077        0.0000000000000000     
                  240   9.5346258924559233E-011   1.0000000000000001E-018 -0.20226687322958370       0.19715507235294505        0.0000000000000000     
                  241   9.5346258924559233E-011   1.0000000000000001E-018 -0.20142442359394036       0.19635509775269300        0.0000000000000000     
                  242   9.5346258924559233E-011   1.0000000000000001E-018 -0.20058896839172080       0.19556159015431923        0.0000000000000000     
                  243   9.5346258924559233E-011   1.0000000000000001E-018 -0.19976042080404971       0.19477447143902693        0.0000000000000000     
                  244   9.5346258924559233E-011   1.0000000000000001E-018 -0.19893869544416565       0.19399366474141011        0.0000000000000000     
                  245   9.5346258924559233E-011   1.0000000000000001E-018 -0.19812370832798970       0.19321909442441154        0.0000000000000000     
                  246   9.5346258924559233E-011   1.0000000000000001E-018 -0.19731537684541695       0.19245068605487856        0.0000000000000000     
                  247   9.5346258924559233E-011   1.0000000000000001E-018 -0.19651361973231074       0.19168836637970038        0.0000000000000000     
                  248   9.5346258924559233E-011   1.0000000000000001E-018 -0.19571835704318036       0.19093206330251117        0.0000000000000000     
                  249   9.5346258924559233E-011   1.0000000000000001E-018 -0.19492951012452120       0.19018170586094252        0.0000000000000000     
                  250   9.5346258924559233E-011   1.0000000000000001E-018 -0.19414700158880027       0.18943722420441109        0.0000000000000000     
                  251   9.5346258924559233E-011   1.0000000000000001E-018 -0.19337075528906805       0.18869854957242624        0.0000000000000000     
                  252   9.5346258924559233E-011   1.0000000000000001E-018 -0.19260069629417909       0.18796561427340366        0.0000000000000000     
                  253   9.5346258924559233E-011   1.0000000000000001E-018 -0.19183675086460511       0.18723835166397146        0.0000000000000000     
                  254   9.5346258924559233E-011   1.0000000000000001E-018 -0.19107884642882311       0.18651669612875496        0.0000000000000000     
                  255   9.5346258924559233E-011   1.0000000000000001E-018 -0.19032691156026371       0.18580058306062797        0.0000000000000000     
                  256   9.5346258924559233E-011   1.0000000000000001E-018 -0.18958087595480311       0.18508994884141738        0.0000000000000000     
                  257   9.5346258924559233E-011   1.0000000000000001E-018 -0.18884067040878455       0.18438473082304935        0.0000000000000000     
                  258   9.5346258924559233E-011   1.0000000000000001E-018 -0.18810622679755490       0.18368486730912528        0.0000000000000000     
                  259   9.5346258924559233E-011   1.0000000000000001E-018 -0.18737747805450128       0.18299029753691612        0.0000000000000000     
                  260   9.5346258924559233E-011   1.0000000000000001E-018 -0.18665435815057574       0.18230096165976412        0.0000000000000000     
                  261   9.5346258924559233E-011   1.0000000000000001E-018 -0.18593680207429314       0.18161680072988104        0.0000000000000000     
                  262   9.5346258924559233E-011   1.0000000000000001E-018 -0.18522474581219078       0.18093775668153259        0.0000000000000000     
                  263   9.5346258924559233E-011   1.0000000000000001E-018 -0.18451812632973691       0.18026377231459925        0.0000000000000000     
                  264   9.5346258924559233E-011   1.0000000000000001E-018 -0.18381688155267573       0.17959479127850309        0.0000000000000000     
                  265   9.5346258924559233E-011   1.0000000000000001E-018 -0.18312095034879811       0.17893075805649181        0.0000000000000000     
                  266   9.5346258924559233E-011   1.0000000000000001E-018 -0.18243027251012606       0.17827161795027022        0.0000000000000000     
                  267   9.5346258924559233E-011   1.0000000000000001E-018 -0.18174478873550021       0.17761731706497044        0.0000000000000000     
                  268   9.5346258924559233E-011   1.0000000000000001E-018 -0.18106444061356003       0.17696780229445239        0.0000000000000000     
                  269   9.5346258924559233E-011   1.0000000000000001E-018 -0.18038917060610571       0.17632302130692545        0.0000000000000000     
                  270   9.5346258924559233E-011   1.0000000000000001E-018 -0.17971892203183271       0.17568292253088405        0.0000000000000000     
                  271   9.5346258924559233E-011   1.0000000000000001E-018 -0.17905363905042859       0.17504745514134840        0.0000000000000000     
                  272   9.5346258924559233E-011   1.0000000000000001E-018 -0.17839326664702287       0.17441656904640307        0.0000000000000000     
                  273   9.5346258924559233E-011   1.0000000000000001E-018 -0.17773775061698099       0.17379021487402602        0.0000000000000000     
                  274   9.5346258924559233E-011   1.0000000000000001E-018 -0.17708703755103328       0.17316834395920030        0.0000000000000000     
                  275   9.5346258924559233E-011   1.0000000000000001E-018 -0.17644107482073074       0.17255090833130213        0.0000000000000000     
                  276   9.5346258924559233E-011   1.0000000000000001E-018 -0.17579981056421867       0.17193786070175759        0.0000000000000000     
                  277   9.5346258924559233E-011   1.0000000000000001E-018 -0.17516319367232058       0.17132915445196203        0.0000000000000000     
                  278   9.5346258924559233E-011   1.0000000000000001E-018 -0.17453117377492439       0.17072474362145529        0.0000000000000000     
                  279   9.5346258924559233E-011   1.0000000000000001E-018 -0.17390370122766302       0.17012458289634633        0.0000000000000000     
                  280   9.5346258924559233E-011   1.0000000000000001E-018 -0.17328072709888254       0.16952862759798173        0.0000000000000000     
                  281   9.5346258924559233E-011   1.0000000000000001E-018 -0.17266220315688985       0.16893683367185142        0.0000000000000000     
                  282   9.5346258924559233E-011   1.0000000000000001E-018 -0.17204808185747356       0.16834915767672606        0.0000000000000000     
                  283   9.5346258924559233E-011   1.0000000000000001E-018 -0.17143831633169138       0.16776555677402091        0.0000000000000000     
                  284   9.5346258924559233E-011   1.0000000000000001E-018 -0.17083286037391643       0.16718598871737991        0.0000000000000000     
                  285   9.5346258924559233E-011   1.0000000000000001E-018 -0.17023166843013726       0.16661041184247535        0.0000000000000000     
                  286   9.5346258924559233E-011   1.0000000000000001E-018 -0.16963469558650462       0.16603878505701763        0.0000000000000000     
                  287   9.5346258924559233E-011   1.0000000000000001E-018 -0.16904189755811899       0.16547106783096990        0.0000000000000000     
                  288   9.5346258924559233E-011   1.0000000000000001E-018 -0.16845323067805329       0.16490722018696330        0.0000000000000000     
                  289   9.5346258924559233E-011   1.0000000000000001E-018 -0.16786865188660466       0.16434720269090716        0.0000000000000000     
                  290   9.5346258924559233E-011   1.0000000000000001E-018 -0.16728811872077004       0.16379097644279050        0.0000000000000000     
                  291   9.5346258924559233E-011   1.0000000000000001E-018 -0.16671158930393998       0.16323850306766949        0.0000000000000000     
                  292   9.5346258924559233E-011   1.0000000000000001E-018 -0.16613902233580535       0.16268974470683686        0.0000000000000000     
                  293   9.5346258924559233E-011   1.0000000000000001E-018 -0.16557037708247219       0.16214466400916916        0.0000000000000000     
                  294   9.5346258924559233E-011   1.0000000000000001E-018 -0.16500561336677888       0.16160322412264719        0.0000000000000000     
                  295   9.5346258924559233E-011   1.0000000000000001E-018 -0.16444469155881231       0.16106538868604614        0.0000000000000000     
                  296   9.5346258924559233E-011   1.0000000000000001E-018 -0.16388757256661629       0.16053112182079116        0.0000000000000000     
                  297   9.5346258924559233E-011   1.0000000000000001E-018 -0.16333421782708962       0.16000038812297437        0.0000000000000000     
                  298   9.5346258924559233E-011   1.0000000000000001E-018 -0.16278458929706802       0.15947315265553030        0.0000000000000000     
                  299   9.5346258924559233E-011   1.0000000000000001E-018 -0.16223864944458583       0.15894938094056504        0.0000000000000000     
                  300   9.5346258924559233E-011   1.0000000000000001E-018 -0.16169636124031400       0.15842903895183663        0.0000000000000000     
                  301   9.5346258924559233E-011   1.0000000000000001E-018 -0.16115768814916925       0.15791209310738255        0.0000000000000000     
                  302   9.5346258924559233E-011   1.0000000000000001E-018 -0.16062259412209090       0.15739851026229112        0.0000000000000000     
                  303   9.5346258924559233E-011   1.0000000000000001E-018 -0.16009104358798165       0.15688825770161385        0.0000000000000000     
                  304   9.5346258924559233E-011   1.0000000000000001E-018 -0.15956300144580793       0.15638130313341489        0.0000000000000000     
                  305   9.5346258924559233E-011   1.0000000000000001E-018 -0.15903843305685683       0.15587761468195532        0.0000000000000000     
                  306   9.5346258924559233E-011   1.0000000000000001E-018 -0.15851730423714550       0.15537716088100859        0.0000000000000000     
                  307   9.5346258924559233E-011   1.0000000000000001E-018 -0.15799958124997959       0.15487991066730425        0.0000000000000000     
                  308   9.5346258924559233E-011   1.0000000000000001E-018 -0.15748523079865773       0.15438583337409767        0.0000000000000000     
                  309   9.5346258924559233E-011   1.0000000000000001E-018 -0.15697422001931799       0.15389489872486206        0.0000000000000000     
                  310   9.5346258924559233E-011   1.0000000000000001E-018 -0.15646651647392396       0.15340707682710095        0.0000000000000000     
                  311   9.5346258924559233E-011   1.0000000000000001E-018 -0.15596208814338652       0.15292233816627768        0.0000000000000000     
                  312   9.5346258924559233E-011   1.0000000000000001E-018 -0.15546090342081870       0.15244065359985992        0.0000000000000000     
                  313   9.5346258924559233E-011   1.0000000000000001E-018 -0.15496293110492054       0.15196199435147650        0.0000000000000000     
                  314   9.5346258924559233E-011   1.0000000000000001E-018 -0.15446814039349088       0.15148633200518377        0.0000000000000000     
                  315   9.5346258924559233E-011   1.0000000000000001E-018 -0.15397650087706349       0.15101363849983970        0.0000000000000000     
                  316   9.5346258924559233E-011   1.0000000000000001E-018 -0.15348798253266460       0.15054388612358283        0.0000000000000000     
                  317   9.5346258924559233E-011   1.0000000000000001E-018 -0.15300255571768906       0.15007704750841402        0.0000000000000000     
                  318   9.5346258924559233E-011   1.0000000000000001E-018 -0.15252019116389293       0.14961309562487893        0.0000000000000000     
                  319   9.5346258924559233E-011   1.0000000000000001E-018 -0.15204085997149919       0.14915200377684862        0.0000000000000000     
                  320   9.5346258924559233E-011   1.0000000000000001E-018 -0.15156453360341487       0.14869374559639673        0.0000000000000000     
                  321   9.5346258924559233E-011   1.0000000000000001E-018 -0.15109118387955667       0.14823829503877059        0.0000000000000000     
                  322   9.5346258924559233E-011   1.0000000000000001E-018 -0.15062078297128295       0.14778562637745468        0.0000000000000000     
                  323   9.5346258924559233E-011   1.0000000000000001E-018 -0.15015330339592925       0.14733571419932415        0.0000000000000000     
                  324   9.5346258924559233E-011   1.0000000000000001E-018 -0.14968871801144606       0.14688853339988697        0.0000000000000000     
                  325   9.5346258924559233E-011   1.0000000000000001E-018 -0.14922700001113581       0.14644405917861220        0.0000000000000000     
                  326   9.5346258924559233E-011   1.0000000000000001E-018 -0.14876812291848690       0.14600226703434291        0.0000000000000000     
                  327   9.5346258924559233E-011   1.0000000000000001E-018 -0.14831206058210361       0.14556313276079214        0.0000000000000000     
                  328   9.5346258924559233E-011   1.0000000000000001E-018 -0.14785878717072848       0.14512663244211960        0.0000000000000000     
                  329   9.5346258924559233E-011   1.0000000000000001E-018 -0.14740827716835653       0.14469274244858815        0.0000000000000000     
                  330   9.5346258924559233E-011   1.0000000000000001E-018 -0.14696050536943822       0.14426143943229774        0.0000000000000000     
                  331   9.5346258924559233E-011   1.0000000000000001E-018 -0.14651544687417017       0.14383270032299550        0.0000000000000000     
                  332   9.5346258924559233E-011   1.0000000000000001E-018 -0.14607307708387118       0.14340650232396043        0.0000000000000000     
                  333   9.5346258924559233E-011   1.0000000000000001E-018 -0.14563337169644186       0.14298282290796097        0.0000000000000000     
                  334   9.5346258924559233E-011   1.0000000000000001E-018 -0.14519630670190642       0.14256163981328429        0.0000000000000000     
                  335   9.5346258924559233E-011   1.0000000000000001E-018 -0.14476185837803462       0.14214293103983530        0.0000000000000000     
                  336   9.5346258924559233E-011   1.0000000000000001E-018 -0.14433000328604212       0.14172667484530443        0.0000000000000000     
                  337   9.5346258924559233E-011   1.0000000000000001E-018 -0.14390071826636791       0.14131284974140251        0.0000000000000000     
                  338   9.5346258924559233E-011   1.0000000000000001E-018 -0.14347398043452675       0.14090143449016138        0.0000000000000000     
                  339   9.5346258924559233E-011   1.0000000000000001E-018 -0.14304976717703582       0.14049240810029923        0.0000000000000000     
                  340   9.5346258924559233E-011   1.0000000000000001E-018 -0.14262805614741314       0.14008574982364883        0.0000000000000000     
                  341   9.5346258924559233E-011   1.0000000000000001E-018 -0.14220882526224687       0.13968143915164768        0.0000000000000000     
                  342   9.5346258924559233E-011   1.0000000000000001E-018 -0.14179205269733391       0.13927945581188902        0.0000000000000000     
                  343   9.5346258924559233E-011   1.0000000000000001E-018 -0.14137771688388623       0.13887977976473181        0.0000000000000000     
                  344   9.5346258924559233E-011   1.0000000000000001E-018 -0.14096579650480384       0.13848239119996952        0.0000000000000000     
                  345   9.5346258924559233E-011   1.0000000000000001E-018 -0.14055627049101271       0.13808727053355552        0.0000000000000000     
                  346   9.5346258924559233E-011   1.0000000000000001E-018 -0.14014911801786656       0.13769439840438452        0.0000000000000000     
                  347   9.5346258924559233E-011   1.0000000000000001E-018 -0.13974431850161101       0.13730375567112899        0.0000000000000000     
                  348   9.5346258924559233E-011   1.0000000000000001E-018 -0.13934185159590906       0.13691532340912896        0.0000000000000000     
                  349   9.5346258924559233E-011   1.0000000000000001E-018 -0.13894169718842664       0.13652908290733495        0.0000000000000000     
                  350   9.5346258924559233E-011   1.0000000000000001E-018 -0.13854383539747667       0.13614501566530213        0.0000000000000000     
                  351   9.5346258924559233E-011   1.0000000000000001E-018 -0.13814824656872104       0.13576310339023523        0.0000000000000000     
                  352   9.5346258924559233E-011   1.0000000000000001E-018 -0.13775491127192885       0.13538332799408315        0.0000000000000000     
                  353   9.5346258924559233E-011   1.0000000000000001E-018 -0.13736381029778993       0.13500567159068205        0.0000000000000000     
                  354   9.5346258924559233E-011   1.0000000000000001E-018 -0.13697492465478289       0.13463011649294643        0.0000000000000000     
                  355   9.5346258924559233E-011   1.0000000000000001E-018 -0.13658823556609606       0.13425664521010661        0.0000000000000000     
                  356   9.5346258924559233E-011   1.0000000000000001E-018 -0.13620372446660051       0.13388524044499242        0.0000000000000000     
                  357   9.5346258924559233E-011   1.0000000000000001E-018 -0.13582137299987440       0.13351588509136172        0.0000000000000000     
                  358   9.5346258924559233E-011   1.0000000000000001E-018 -0.13544116301527714       0.13314856223127292        0.0000000000000000     
                  359   9.5346258924559233E-011   1.0000000000000001E-018 -0.13506307656507288       0.13278325513250105        0.0000000000000000     
                  360   9.5346258924559233E-011   1.0000000000000001E-018 -0.13468709590160188       0.13241994724599609        0.0000000000000000     
                  361   9.5346258924559233E-011   1.0000000000000001E-018 -0.13431320347449943       0.13205862220338294        0.0000000000000000     
                  362   9.5346258924559233E-011   1.0000000000000001E-018 -0.13394138192796068       0.13169926381450225        0.0000000000000000     
                  363   9.5346258924559233E-011   1.0000000000000001E-018 -0.13357161409805102       0.13134185606499132        0.0000000000000000     
                  364   9.5346258924559233E-011   1.0000000000000001E-018 -0.13320388301006114       0.13098638311390434        0.0000000000000000     
                  365   9.5346258924559233E-011   1.0000000000000001E-018 -0.13283817187590552       0.13063282929137107        0.0000000000000000     
                  366   9.5346258924559233E-011   1.0000000000000001E-018 -0.13247446409156360       0.13028117909629347        0.0000000000000000     
                  367   9.5346258924559233E-011   1.0000000000000001E-018 -0.13211274323456351       0.12993141719407941        0.0000000000000000     
                  368   9.5346258924559233E-011   1.0000000000000001E-018 -0.13175299306150628       0.12958352841441267        0.0000000000000000     
                  369   9.5346258924559233E-011   1.0000000000000001E-018 -0.13139519750563106       0.12923749774905907        0.0000000000000000     
                  370   9.5346258924559233E-011   1.0000000000000001E-018 -0.13103934067441952       0.12889331034970714        0.0000000000000000     
                  371   9.5346258924559233E-011   1.0000000000000001E-018 -0.13068540684723950       0.12855095152584370        0.0000000000000000     
                  372   9.5346258924559233E-011   1.0000000000000001E-018 -0.13033338047302662       0.12821040674266287        0.0000000000000000     
                  373   9.5346258924559233E-011   1.0000000000000001E-018 -0.12998324616800322       0.12787166161900845        0.0000000000000000     
                  374   9.5346258924559233E-011   1.0000000000000001E-018 -0.12963498871343448       0.12753470192534883        0.0000000000000000     
                  375   9.5346258924559233E-011   1.0000000000000001E-018 -0.12928859305341994       0.12719951358178366        0.0000000000000000     
                  376   9.5346258924559233E-011   1.0000000000000001E-018 -0.12894404429272099       0.12686608265608218        0.0000000000000000     
                  377   9.5346258924559233E-011   1.0000000000000001E-018 -0.12860132769462268       0.12653439536175209        0.0000000000000000     
                  378   9.5346258924559233E-011   1.0000000000000001E-018 -0.12826042867882964       0.12620443805613873        0.0000000000000000     
                  379   9.5346258924559233E-011   1.0000000000000001E-018 -0.12792133281939577       0.12587619723855398        0.0000000000000000     
                  380   9.5346258924559233E-011   1.0000000000000001E-018 -0.12758402584268630       0.12554965954843425        0.0000000000000000     
                  381   9.5346258924559233E-011   1.0000000000000001E-018 -0.12724849362537222       0.12522481176352709        0.0000000000000000     
                  382   9.5346258924559233E-011   1.0000000000000001E-018 -0.12691472219245653       0.12490164079810587        0.0000000000000000     
                  383   9.5346258924559233E-011   1.0000000000000001E-018 -0.12658269771533115       0.12458013370121201        0.0000000000000000     
                  384   9.5346258924559233E-011   1.0000000000000001E-018 -0.12625240650986463       0.12426027765492449        0.0000000000000000     
                  385   9.5346258924559233E-011   1.0000000000000001E-018 -0.12592383503451959       0.12394205997265567        0.0000000000000000     
                  386   9.5346258924559233E-011   1.0000000000000001E-018 -0.12559696988849967       0.12362546809747349        0.0000000000000000     
                  387   9.5346258924559233E-011   1.0000000000000001E-018 -0.12527179780992509       0.12331048960044919        0.0000000000000000     
                  388   9.5346258924559233E-011   1.0000000000000001E-018 -0.12494830567403675       0.12299711217903027        0.0000000000000000     
                  389   9.5346258924559233E-011   1.0000000000000001E-018 -0.12462648049142799       0.12268532365543816        0.0000000000000000     
                  390   9.5346258924559233E-011   1.0000000000000001E-018 -0.12430630940630377       0.12237511197509038        0.0000000000000000     
                  391   9.5346258924559233E-011   1.0000000000000001E-018 -0.12398777969476643       0.12206646520504637        0.0000000000000000     
                  392   9.5346258924559233E-011   1.0000000000000001E-018 -0.12367087876312810       0.12175937153247689        0.0000000000000000     
                  393   9.5346258924559233E-011   1.0000000000000001E-018 -0.12335559414624875       0.12145381926315653        0.0000000000000000     
                  394   9.5346258924559233E-011   1.0000000000000001E-018 -0.12304191350589966       0.12114979681997867        0.0000000000000000     
                  395   9.5346258924559233E-011   1.0000000000000001E-018 -0.12272982462915188       0.12084729274149303        0.0000000000000000     
                  396   9.5346258924559233E-011   1.0000000000000001E-018 -0.12241931542678913       0.12054629568046472        0.0000000000000000     
                  397   9.5346258924559233E-011   1.0000000000000001E-018 -0.12211037393174495       0.12024679440245506        0.0000000000000000     
                  398   9.5346258924559233E-011   1.0000000000000001E-018 -0.12180298829756325       0.11994877778442332        0.0000000000000000     
                  399   9.5346258924559233E-011   1.0000000000000001E-018 -0.12149714679688217       0.11965223481334930        0.0000000000000000     
                  400   9.5346258924559233E-011   1.0000000000000001E-018 -0.12119283781994084       0.11935715458487633        0.0000000000000000     
                  401   9.5346258924559233E-011   1.0000000000000001E-018 -0.12089004987310853       0.11906352630197427        0.0000000000000000     
                  402   9.5346258924559233E-011   1.0000000000000001E-018 -0.12058877157743569       0.11877133927362211        0.0000000000000000     
                  403   9.5346258924559233E-011   1.0000000000000001E-018 -0.12028899166722695       0.11848058291351016        0.0000000000000000     
                  404   9.5346258924559233E-011   1.0000000000000001E-018 -0.11999069898863490       0.11819124673876091        0.0000000000000000     
                  405   9.5346258924559233E-011   1.0000000000000001E-018 -0.11969388249827534       0.11790332036866903        0.0000000000000000     
                  406   9.5346258924559233E-011   1.0000000000000001E-018 -0.11939853126186256       0.11761679352345937        0.0000000000000000     
                  407   9.5346258924559233E-011   1.0000000000000001E-018 -0.11910463445286518       0.11733165602306325        0.0000000000000000     
                  408   9.5346258924559233E-011   1.0000000000000001E-018 -0.11881218135118149       0.11704789778591243        0.0000000000000000     
                  409   9.5346258924559233E-011   1.0000000000000001E-018 -0.11852116134183460       0.11676550882775050        0.0000000000000000     
                  410   9.5346258924559233E-011   1.0000000000000001E-018 -0.11823156391368661       0.11648447926046163        0.0000000000000000     
                  411   9.5346258924559233E-011   1.0000000000000001E-018 -0.11794337865817145       0.11620479929091596        0.0000000000000000     
                  412   9.5346258924559233E-011   1.0000000000000001E-018 -0.11765659526804667       0.11592645921983173        0.0000000000000000     
                  413   9.5346258924559233E-011   1.0000000000000001E-018 -0.11737120353616287       0.11564944944065378        0.0000000000000000     
                  414   9.5346258924559233E-011   1.0000000000000001E-018 -0.11708719335425144       0.11537376043844783        0.0000000000000000     
                  415   9.5346258924559233E-011   1.0000000000000001E-018 -0.11680455471172974       0.11509938278881091        0.0000000000000000     
                  416   9.5346258924559233E-011   1.0000000000000001E-018 -0.11652327769452347       0.11482630715679705        0.0000000000000000     
                  417   9.5346258924559233E-011   1.0000000000000001E-018 -0.11624335248390638       0.11455452429585831        0.0000000000000000     
                  418   9.5346258924559233E-011   1.0000000000000001E-018 -0.11596476935535610       0.11428402504680085        0.0000000000000000     
                  419   9.5346258924559233E-011   1.0000000000000001E-018 -0.11568751867742705       0.11401480033675561        0.0000000000000000     
                  420   9.5346258924559233E-011   1.0000000000000001E-018 -0.11541159091063902       0.11374684117816376        0.0000000000000000     
                  421   9.5346258924559233E-011   1.0000000000000001E-018 -0.11513697660638195       0.11348013866777626        0.0000000000000000     
                  422   9.5346258924559233E-011   1.0000000000000001E-018 -0.11486366640583606       0.11321468398566745        0.0000000000000000     
                  423   9.5346258924559233E-011   1.0000000000000001E-018 -0.11459165103890773       0.11295046839426257        0.0000000000000000     
                  424   9.5346258924559233E-011   1.0000000000000001E-018 -0.11432092132317989       0.11268748323737870        0.0000000000000000     
                  425   9.5346258924559233E-011   1.0000000000000001E-018 -0.11405146816287792       0.11242571993927933        0.0000000000000000     
                  426   9.5346258924559233E-011   1.0000000000000001E-018 -0.11378328254784981       0.11216517000374179        0.0000000000000000     
                  427   9.5346258924559233E-011   1.0000000000000001E-018 -0.11351635555256068       0.11190582501313785        0.0000000000000000     
                  428   9.5346258924559233E-011   1.0000000000000001E-018 -0.11325067833510150       0.11164767662752693        0.0000000000000000     
                  429   9.5346258924559233E-011   1.0000000000000001E-018 -0.11298624213621183       0.11139071658376183        0.0000000000000000     
                  430   9.5346258924559233E-011   1.0000000000000001E-018 -0.11272303827831603       0.11113493669460686        0.0000000000000000     
                  431   9.5346258924559233E-011   1.0000000000000001E-018 -0.11246105816457314       0.11088032884786808        0.0000000000000000     
                  432   9.5346258924559233E-011   1.0000000000000001E-018 -0.11220029327793973       0.11062688500553540        0.0000000000000000     
                  433   9.5346258924559233E-011   1.0000000000000001E-018 -0.11194073518024611       0.11037459720293649        0.0000000000000000     
                  434   9.5346258924559233E-011   1.0000000000000001E-018 -0.11168237551128501       0.11012345754790219        0.0000000000000000     
                  435   9.5346258924559233E-011   1.0000000000000001E-018 -0.11142520598791317       0.10987345821994340        0.0000000000000000     
                  436   9.5346258924559233E-011   1.0000000000000001E-018 -0.11116921840316513       0.10962459146943905        0.0000000000000000     
                  437   9.5346258924559233E-011   1.0000000000000001E-018 -0.11091440462537921       0.10937684961683511        0.0000000000000000     
                  438   9.5346258924559233E-011   1.0000000000000001E-018 -0.11066075659733571       0.10913022505185446        0.0000000000000000     
                  439   9.5346258924559233E-011   1.0000000000000001E-018 -0.11040826633540662       0.10888471023271740        0.0000000000000000     
                  440   9.5346258924559233E-011   1.0000000000000001E-018 -0.11015692592871729       0.10864029768537271        0.0000000000000000     
                  441   9.5346258924559233E-011   1.0000000000000001E-018 -0.10990672753831926       0.10839698000273905        0.0000000000000000     
                  442   9.5346258924559233E-011   1.0000000000000001E-018 -0.10965766339637456       0.10815474984395640        0.0000000000000000     
                  443   9.5346258924559233E-011   1.0000000000000001E-018 -0.10940972580535085       0.10791359993364773        0.0000000000000000     
                  444   9.5346258924559233E-011   1.0000000000000001E-018 -0.10916290713722770       0.10767352306119032        0.0000000000000000     
                  445   9.5346258924559233E-011   1.0000000000000001E-018 -0.10891719983271358       0.10743451207999698        0.0000000000000000     
                  446   9.5346258924559233E-011   1.0000000000000001E-018 -0.10867259640047322       0.10719655990680664        0.0000000000000000     
                  447   9.5346258924559233E-011   1.0000000000000001E-018 -0.10842908941636548       0.10695965952098453        0.0000000000000000     
                  448   9.5346258924559233E-011   1.0000000000000001E-018 -0.10818667152269168       0.10672380396383148        0.0000000000000000     
                  449   9.5346258924559233E-011   1.0000000000000001E-018 -0.10794533542745349       0.10648898633790234        0.0000000000000000     
                  450   9.5346258924559233E-011   1.0000000000000001E-018 -0.10770507390362138       0.10625519980633355        0.0000000000000000     
                  451   9.5346258924559233E-011   1.0000000000000001E-018 -0.10746587978841227       0.10602243759217937        0.0000000000000000     
                  452   9.5346258924559233E-011   1.0000000000000001E-018 -0.10722774598257701       0.10579069297775688        0.0000000000000000     
                  453   9.5346258924559233E-011   1.0000000000000001E-018 -0.10699066544969754       0.10555995930399957        0.0000000000000000     
                  454   9.5346258924559233E-011   1.0000000000000001E-018 -0.10675463121549295       0.10533022996981933        0.0000000000000000     
                  455   9.5346258924559233E-011   1.0000000000000001E-018 -0.10651963636713507       0.10510149843147683        0.0000000000000000     
                  456   9.5346258924559233E-011   1.0000000000000001E-018 -0.10628567405257289       0.10487375820196002        0.0000000000000000     
                  457   9.5346258924559233E-011   1.0000000000000001E-018 -0.10605273747986588       0.10464700285037071        0.0000000000000000     
                  458   9.5346258924559233E-011   1.0000000000000001E-018 -0.10582081991652625       0.10442122600131915        0.0000000000000000     
                  459   9.5346258924559233E-011   1.0000000000000001E-018 -0.10558991468886963       0.10419642133432624        0.0000000000000000     
                  460   9.5346258924559233E-011   1.0000000000000001E-018 -0.10536001518137422       0.10397258258323382        0.0000000000000000     
                  461   9.5346258924559233E-011   1.0000000000000001E-018 -0.10513111483604859       0.10374970353562209        0.0000000000000000     
                  462   9.5346258924559233E-011   1.0000000000000001E-018 -0.10490320715180740       0.10352777803223490        0.0000000000000000     
                  463   9.5346258924559233E-011   1.0000000000000001E-018 -0.10467628568385534       0.10330679996641215        0.0000000000000000     
                  464   9.5346258924559233E-011   1.0000000000000001E-018 -0.10445034404307912       0.10308676328352954        0.0000000000000000     
                  465   9.5346258924559233E-011   1.0000000000000001E-018 -0.10422537589544728       0.10286766198044554        0.0000000000000000     
                  466   9.5346258924559233E-011   1.0000000000000001E-018 -0.10400137496141770       0.10264949010495521        0.0000000000000000     
                  467   9.5346258924559233E-011   1.0000000000000001E-018 -0.10377833501535283       0.10243224175525113        0.0000000000000000     
                  468   9.5346258924559233E-011   1.0000000000000001E-018 -0.10355624988494233       0.10221591107939113        0.0000000000000000     
                  469   9.5346258924559233E-011   1.0000000000000001E-018 -0.10333511345063329       0.10200049227477261        0.0000000000000000     
                  470   9.5346258924559233E-011   1.0000000000000001E-018 -0.10311491964506747       0.10178597958761373        0.0000000000000000     
                  471   9.5346258924559233E-011   1.0000000000000001E-018 -0.10289566245252613       0.10157236731244099        0.0000000000000000     
                  472   9.5346258924559233E-011   1.0000000000000001E-018 -0.10267733590838141       0.10135964979158320        0.0000000000000000     
                  473   9.5346258924559233E-011   1.0000000000000001E-018 -0.10245993409855519       0.10114782141467196        0.0000000000000000     
                  474   9.5346258924559233E-011   1.0000000000000001E-018 -0.10224345115898448       0.10093687661814822        0.0000000000000000     
                  475   9.5346258924559233E-011   1.0000000000000001E-018 -0.10202788127509377       0.10072680988477517        0.0000000000000000     
                  476   9.5346258924559233E-011   1.0000000000000001E-018 -0.10181321868127396       0.10051761574315704        0.0000000000000000     
                  477   9.5346258924559233E-011   1.0000000000000001E-018 -0.10159945766036788       0.10030928876726403        0.0000000000000000     
                  478   9.5346258924559233E-011   1.0000000000000001E-018 -0.10138659254316224       0.10010182357596301        0.0000000000000000     
                  479   9.5346258924559233E-011   1.0000000000000001E-018 -0.10117461770788605        9.9895214832554119E-002   0.0000000000000000     
                  480   9.5346258924559233E-011   1.0000000000000001E-018 -0.10096352757971533        9.9689457244313093E-002   0.0000000000000000     
                  481   9.5346258924559233E-011   1.0000000000000001E-018 -0.10075331663028386        9.9484545562039159E-002   0.0000000000000000     
                  482   9.5346258924559233E-011   1.0000000000000001E-018 -0.10054397937720017        9.9280474579608605E-002   0.0000000000000000     
                  483   9.5346258924559233E-011   1.0000000000000001E-018 -0.10033551038357058        9.9077239133533737E-002   0.0000000000000000     
                  484   9.5346258924559233E-011   1.0000000000000001E-018 -0.10012790425752804        9.8874834102527259E-002   0.0000000000000000     
                  485   9.5346258924559233E-011   1.0000000000000001E-018  -9.9921155651766902E-002   9.8673254407072100E-002   0.0000000000000000     
                  486   9.5346258924559233E-011   1.0000000000000001E-018  -9.9715259263083389E-002   9.8472495008996325E-002   0.0000000000000000     
                  487   9.5346258924559233E-011   1.0000000000000001E-018  -9.9510209831921770E-002   9.8272550911053302E-002   0.0000000000000000     
                  488   9.5346258924559233E-011   1.0000000000000001E-018  -9.9306002141926253E-002   9.8073417156507053E-002   0.0000000000000000     
                  489   9.5346258924559233E-011   1.0000000000000001E-018  -9.9102631019498122E-002   9.7875088828722437E-002   0.0000000000000000     
                  490   9.5346258924559233E-011   1.0000000000000001E-018  -9.8900091333358531E-002   9.7677561050760531E-002   0.0000000000000000     
                  491   9.5346258924559233E-011   1.0000000000000001E-018  -9.8698377994116515E-002   9.7480828984978743E-002   0.0000000000000000     
                  492   9.5346258924559233E-011   1.0000000000000001E-018  -9.8497485953842445E-002   9.7284887832635780E-002   0.0000000000000000     
                  493   9.5346258924559233E-011   1.0000000000000001E-018  -9.8297410205646585E-002   9.7089732833501460E-002   0.0000000000000000     
                  494   9.5346258924559233E-011   1.0000000000000001E-018  -9.8098145783262647E-002   9.6895359265471007E-002   0.0000000000000000     
                  495   9.5346258924559233E-011   1.0000000000000001E-018  -9.7899687760636733E-002   9.6701762444184255E-002   0.0000000000000000     
                  496   9.5346258924559233E-011   1.0000000000000001E-018  -9.7702031251520882E-002   9.6508937722649166E-002   0.0000000000000000     
                  497   9.5346258924559233E-011   1.0000000000000001E-018  -9.7505171409071889E-002   9.6316880490869963E-002   0.0000000000000000     
                  498   9.5346258924559233E-011   1.0000000000000001E-018  -9.7309103425454790E-002   9.6125586175479685E-002   0.0000000000000000     
                  499   9.5346258924559233E-011   1.0000000000000001E-018  -9.7113822531450955E-002   9.5935050239377026E-002   0.0000000000000000     
                  500   9.5346258924559233E-011   1.0000000000000001E-018  -9.6919323996071283E-002   9.5745268181367651E-002   0.0000000000000000     
                  501   9.5346258924559233E-011   1.0000000000000001E-018  -9.6725603126173787E-002   9.5556235535809636E-002   0.0000000000000000     
                  502   9.5346258924559233E-011   1.0000000000000001E-018  -9.6532655266085843E-002   9.5367947872263090E-002   0.0000000000000000     
                  503   9.5346258924559233E-011   1.0000000000000001E-018  -9.6340475797230818E-002   9.5180400795144018E-002   0.0000000000000000     
                  504   9.5346258924559233E-011   1.0000000000000001E-018  -9.6149060137759368E-002   9.4993589943382140E-002   0.0000000000000000     
                  505   9.5346258924559233E-011   1.0000000000000001E-018  -9.5958403742184895E-002   9.4807510990082833E-002   0.0000000000000000     
                  506   9.5346258924559233E-011   1.0000000000000001E-018  -9.5768502101023667E-002   9.4622159642192991E-002   0.0000000000000000     
                  507   9.5346258924559233E-011   1.0000000000000001E-018  -9.5579350740438829E-002   9.4437531640170769E-002   0.0000000000000000     
                  508   9.5346258924559233E-011   1.0000000000000001E-018  -9.5390945221888845E-002   9.4253622757659278E-002   0.0000000000000000     
                  509   9.5346258924559233E-011   1.0000000000000001E-018  -9.5203281141780061E-002   9.4070428801163966E-002   0.0000000000000000     
                  510   9.5346258924559233E-011   1.0000000000000001E-018  -9.5016354131123359E-002   9.3887945609733875E-002   0.0000000000000000     
                  511   9.5346258924559233E-011   1.0000000000000001E-018  -9.4830159855194829E-002   9.3706169054646515E-002   0.0000000000000000     
                  512   9.5346258924559233E-011   1.0000000000000001E-018  -9.4644694013200414E-002   9.3525095039096423E-002   0.0000000000000000     
                  513   9.5346258924559233E-011   1.0000000000000001E-018  -9.4459952337944686E-002   9.3344719497887363E-002   0.0000000000000000     
                  514   9.5346258924559233E-011   1.0000000000000001E-018  -9.4275930595502988E-002   9.3165038397127947E-002   0.0000000000000000     
                  515   9.5346258924559233E-011   1.0000000000000001E-018  -9.4092624584898144E-002   9.2986047733931002E-002   0.0000000000000000     
                  516   9.5346258924559233E-011   1.0000000000000001E-018  -9.3910030137780265E-002   9.2807743536116136E-002   0.0000000000000000     
                  517   9.5346258924559233E-011   1.0000000000000001E-018  -9.3728143118110618E-002   9.2630121861915937E-002   0.0000000000000000     
                  518   9.5346258924559233E-011   1.0000000000000001E-018  -9.3546959421849152E-002   9.2453178799685384E-002   0.0000000000000000     
                  519   9.5346258924559233E-011   1.0000000000000001E-018  -9.3366474976645464E-002   9.2276910467614617E-002   0.0000000000000000     
                  520   9.5346258924559233E-011   1.0000000000000001E-018  -9.3186685741533659E-002   9.2101313013445124E-002   0.0000000000000000     
                  521   9.5346258924559233E-011   1.0000000000000001E-018  -9.3007587706630368E-002   9.1926382614188965E-002   0.0000000000000000     
                  522   9.5346258924559233E-011   1.0000000000000001E-018  -9.2829176892836429E-002   9.1752115475851312E-002   0.0000000000000000     
                  523   9.5346258924559233E-011   1.0000000000000001E-018  -9.2651449351542126E-002   9.1578507833156089E-002   0.0000000000000000     
                  524   9.5346258924559233E-011   1.0000000000000001E-018  -9.2474401164335529E-002   9.1405555949274728E-002   0.0000000000000000     
                  525   9.5346258924559233E-011   1.0000000000000001E-018  -9.2298028442714342E-002   9.1233256115558048E-002   0.0000000000000000     
                  526   9.5346258924559233E-011   1.0000000000000001E-018  -9.2122327327801068E-002   9.1061604651271097E-002   0.0000000000000000     
                  527   9.5346258924559233E-011   1.0000000000000001E-018  -9.1947293990061296E-002   9.0890597903330983E-002   0.0000000000000000     
                  528   9.5346258924559233E-011   1.0000000000000001E-018  -9.1772924629025310E-002   9.0720232246047722E-002   0.0000000000000000     
                  529   9.5346258924559233E-011   1.0000000000000001E-018  -9.1599215473012863E-002   9.0550504080867872E-002   0.0000000000000000     
                  530   9.5346258924559233E-011   1.0000000000000001E-018  -9.1426162778861009E-002   9.0381409836121196E-002   0.0000000000000000     
                  531   9.5346258924559233E-011   1.0000000000000001E-018  -9.1253762831655039E-002   9.0212945966770042E-002   0.0000000000000000     
                  532   9.5346258924559233E-011   1.0000000000000001E-018  -9.1082011944462415E-002   9.0045108954161554E-002   0.0000000000000000     
                  533   9.5346258924559233E-011   1.0000000000000001E-018  -9.0910906458069873E-002   8.9877895305782676E-002   0.0000000000000000     
                  534   9.5346258924559233E-011   1.0000000000000001E-018  -9.0740442740723182E-002   8.9711301555017789E-002   0.0000000000000000     
                  535   9.5346258924559233E-011   1.0000000000000001E-018  -9.0570617187870239E-002   8.9545324260909179E-002   0.0000000000000000     
                  536   9.5346258924559233E-011   1.0000000000000001E-018  -9.0401426221906722E-002   8.9379960007920062E-002   0.0000000000000000     
                  537   9.5346258924559233E-011   1.0000000000000001E-018  -9.0232866291924563E-002   8.9215205405700229E-002   0.0000000000000000     
                  538   9.5346258924559233E-011   1.0000000000000001E-018  -9.0064933873463593E-002   8.9051057088854316E-002   0.0000000000000000     
                  539   9.5346258924559233E-011   1.0000000000000001E-018  -8.9897625468265463E-002   8.8887511716712608E-002   0.0000000000000000     
                  540   9.5346258924559233E-011   1.0000000000000001E-018  -8.9730937604030836E-002   8.8724565973104408E-002   0.0000000000000000     
                  541   9.5346258924559233E-011   1.0000000000000001E-018  -8.9564866834178802E-002   8.8562216566133820E-002   0.0000000000000000     
                  542   9.5346258924559233E-011   1.0000000000000001E-018  -8.9399409737609237E-002   8.8400460227958014E-002   0.0000000000000000     
                  543   9.5346258924559233E-011   1.0000000000000001E-018  -8.9234562918467764E-002   8.8239293714567985E-002   0.0000000000000000     
                  544   9.5346258924559233E-011   1.0000000000000001E-018  -8.9070323005913166E-002   8.8078713805571585E-002   0.0000000000000000     
                  545   9.5346258924559233E-011   1.0000000000000001E-018  -8.8906686653887568E-002   8.7918717303979044E-002   0.0000000000000000     
                  546   9.5346258924559233E-011   1.0000000000000001E-018  -8.8743650540889008E-002   8.7759301035990750E-002   0.0000000000000000     
                  547   9.5346258924559233E-011   1.0000000000000001E-018  -8.8581211369746504E-002   8.7600461850787334E-002   0.0000000000000000     
                  548   9.5346258924559233E-011   1.0000000000000001E-018  -8.8419365867397792E-002   8.7442196620322071E-002   0.0000000000000000     
                  549   9.5346258924559233E-011   1.0000000000000001E-018  -8.8258110784669108E-002   8.7284502239115463E-002   0.0000000000000000     
                  550   9.5346258924559233E-011   1.0000000000000001E-018  -8.8097442896057809E-002   8.7127375624052164E-002   0.0000000000000000     
                  551   9.5346258924559233E-011   1.0000000000000001E-018  -8.7937358999517101E-002   8.6970813714179931E-002   0.0000000000000000     
                  552   9.5346258924559233E-011   1.0000000000000001E-018  -8.7777855916243153E-002   8.6814813470510885E-002   0.0000000000000000     
                  553   9.5346258924559233E-011   1.0000000000000001E-018  -8.7618930490464597E-002   8.6659371875824814E-002   0.0000000000000000     
                  554   9.5346258924559233E-011   1.0000000000000001E-018  -8.7460579589234200E-002   8.6504485934474601E-002   0.0000000000000000     
                  555   9.5346258924559233E-011   1.0000000000000001E-018  -8.7302800102222966E-002   8.6350152672193800E-002   0.0000000000000000     
                  556   9.5346258924559233E-011   1.0000000000000001E-018  -8.7145588941516194E-002   8.6196369135906170E-002   0.0000000000000000     
                  557   9.5346258924559233E-011   1.0000000000000001E-018  -8.6988943041412026E-002   8.6043132393537322E-002   0.0000000000000000     
                  558   9.5346258924559233E-011   1.0000000000000001E-018  -8.6832859358222103E-002   8.5890439533828342E-002   0.0000000000000000     
                  559   9.5346258924559233E-011   1.0000000000000001E-018  -8.6677334870074063E-002   8.5738287666151353E-002   0.0000000000000000     
                  560   9.5346258924559233E-011   1.0000000000000001E-018  -8.6522366576716636E-002   8.5586673920327122E-002   0.0000000000000000     
                  561   9.5346258924559233E-011   1.0000000000000001E-018  -8.6367951499326467E-002   8.5435595446444551E-002   0.0000000000000000     
                  562   9.5346258924559233E-011   1.0000000000000001E-018  -8.6214086680317215E-002   8.5285049414682054E-002   0.0000000000000000     
                  563   9.5346258924559233E-011   1.0000000000000001E-018  -8.6060769183150476E-002   8.5135033015130840E-002   0.0000000000000000     
                  564   9.5346258924559233E-011   1.0000000000000001E-018  -8.5907996092148997E-002   8.4985543457620064E-002   0.0000000000000000     
                  565   9.5346258924559233E-011   1.0000000000000001E-018  -8.5755764512311594E-002   8.4836577971543869E-002   0.0000000000000000     
                  566   9.5346258924559233E-011   1.0000000000000001E-018  -8.5604071569130247E-002   8.4688133805690097E-002   0.0000000000000000     
                  567   9.5346258924559233E-011   1.0000000000000001E-018  -8.5452914408409020E-002   8.4540208228070984E-002   0.0000000000000000     
                  568   9.5346258924559233E-011   1.0000000000000001E-018  -8.5302290196085040E-002   8.4392798525755458E-002   0.0000000000000000     
                  569   9.5346258924559233E-011   1.0000000000000001E-018  -8.5152196118051082E-002   8.4245902004703277E-002   0.0000000000000000     
                  570   9.5346258924559233E-011   1.0000000000000001E-018  -8.5002629379980377E-002   8.4099515989600915E-002   0.0000000000000000     
                  571   9.5346258924559233E-011   1.0000000000000001E-018  -8.4853587207153025E-002   8.3953637823699093E-002   0.0000000000000000     
                  572   9.5346258924559233E-011   1.0000000000000001E-018  -8.4705066844284305E-002   8.3808264868652046E-002   0.0000000000000000     
                  573   9.5346258924559233E-011   1.0000000000000001E-018  -8.4557065555354805E-002   8.3663394504358446E-002   0.0000000000000000     
                  574   9.5346258924559233E-011   1.0000000000000001E-018  -8.4409580623442171E-002   8.3519024128803895E-002   0.0000000000000000     
                  575   9.5346258924559233E-011   1.0000000000000001E-018  -8.4262609350555018E-002   8.3375151157905211E-002   0.0000000000000000     
                  576   9.5346258924559233E-011   1.0000000000000001E-018  -8.4116149057468059E-002   8.3231773025356198E-002   0.0000000000000000     
                  577   9.5346258924559233E-011   1.0000000000000001E-018  -8.3970197083559350E-002   8.3088887182474994E-002   0.0000000000000000     
                  578   9.5346258924559233E-011   1.0000000000000001E-018  -8.3824750786649027E-002   8.2946491098053091E-002   0.0000000000000000     
                  579   9.5346258924559233E-011   1.0000000000000001E-018  -8.3679807542839768E-002   8.2804582258205778E-002   0.0000000000000000     
                  580   9.5346258924559233E-011   1.0000000000000001E-018  -8.3535364746358920E-002   8.2663158166224243E-002   0.0000000000000000     
                  581   9.5346258924559233E-011   1.0000000000000001E-018  -8.3391419809402234E-002   8.2522216342429081E-002   0.0000000000000000     
                  582   9.5346258924559233E-011   1.0000000000000001E-018  -8.3247970161979268E-002   8.2381754324025364E-002   0.0000000000000000     
                  583   9.5346258924559233E-011   1.0000000000000001E-018  -8.3105013251760340E-002   8.2241769664959177E-002   0.0000000000000000     
                  584   9.5346258924559233E-011   1.0000000000000001E-018  -8.2962546543925042E-002   8.2102259935775579E-002   0.0000000000000000     
                  585   9.5346258924559233E-011   1.0000000000000001E-018  -8.2820567521012300E-002   8.1963222723478085E-002   0.0000000000000000     
                  586   9.5346258924559233E-011   1.0000000000000001E-018  -8.2679073682772053E-002   8.1824655631389465E-002   0.0000000000000000     
                  587   9.5346258924559233E-011   1.0000000000000001E-018  -8.2538062546018365E-002   8.1686556279014041E-002   0.0000000000000000     
                  588   9.5346258924559233E-011   1.0000000000000001E-018  -8.2397531644484157E-002   8.1548922301901361E-002   0.0000000000000000     
                  589   9.5346258924559233E-011   1.0000000000000001E-018  -8.2257478528677264E-002   8.1411751351511200E-002   0.0000000000000000     
                  590   9.5346258924559233E-011   1.0000000000000001E-018  -8.2117900765737994E-002   8.1275041095079978E-002   0.0000000000000000     
                  591   9.5346258924559233E-011   1.0000000000000001E-018  -8.1978795939298243E-002   8.1138789215488519E-002   0.0000000000000000     
                  592   9.5346258924559233E-011   1.0000000000000001E-018  -8.1840161649342047E-002   8.1002993411131069E-002   0.0000000000000000     
                  593   9.5346258924559233E-011   1.0000000000000001E-018  -8.1701995512067305E-002   8.0867651395785736E-002   0.0000000000000000     
                  594   9.5346258924559233E-011   1.0000000000000001E-018  -8.1564295159749112E-002   8.0732760898486106E-002   0.0000000000000000     
                  595   9.5346258924559233E-011   1.0000000000000001E-018  -8.1427058240604588E-002   8.0598319663394258E-002   0.0000000000000000     
                  596   9.5346258924559233E-011   1.0000000000000001E-018  -8.1290282418658710E-002   8.0464325449674981E-002   0.0000000000000000     
                  597   9.5346258924559233E-011   1.0000000000000001E-018  -8.1153965373611803E-002   8.0330776031371245E-002   0.0000000000000000     
                  598   9.5346258924559233E-011   1.0000000000000001E-018  -8.1018104800708257E-002   8.0197669197280913E-002   0.0000000000000000     
                  599   9.5346258924559233E-011   1.0000000000000001E-018  -8.0882698410606468E-002   8.0065002750834682E-002   0.0000000000000000     
                  600   9.5346258924559233E-011   1.0000000000000001E-018  -8.0747743929250326E-002   7.9932774509975268E-002   0.0000000000000000     
