   14.716666666666667     
   14.716666666666667     
   14.683333333333334     
   14.683333333333334     
   14.650000000000000     
   14.616666666666667     
   14.583333333333334     
   14.549999999999999     
   14.516666666666666     
   14.449999999999999     
   14.416666666666666     
   14.350000000000000     
   14.316666666666666     
   14.250000000000000     
   14.183333333333334     
   14.116666666666667     
   14.083333333333334     
   14.016666666666666     
   13.949999999999999     
   13.883333333333333     
   13.816666666666666     
   13.783333333333333     
   13.716666666666667     
   13.650000000000000     
   13.583333333333334     
   13.549999999999999     
   13.483333333333333     
   13.449999999999999     
   13.383333333333333     
   13.350000000000000     
   13.283333333333333     
   13.250000000000000     
   13.183333333333334     
   13.150000000000000     
   13.116666666666667     
   13.083333333333334     
   13.049999999999999     
   13.016666666666666     
   12.983333333333333     
   12.949999999999999     
   12.916666666666666     
   12.883333333333333     
   12.883333333333333     
   12.850000000000000     
   12.850000000000000     
   12.816666666666666     
   12.816666666666666     
   12.816666666666666     
   12.816666666666666     
   12.816666666666666     
   12.816666666666666     
   12.816666666666666     
   12.816666666666666     
   12.816666666666666     
   12.816666666666666     
   12.850000000000000     
   12.850000000000000     
   12.883333333333333     
   12.883333333333333     
   12.916666666666666     
   12.949999999999999     
   12.983333333333333     
   13.016666666666666     
   13.049999999999999     
   13.083333333333334     
   13.116666666666667     
   13.150000000000000     
   13.183333333333334     
   13.250000000000000     
   13.283333333333333     
   13.350000000000000     
   13.383333333333333     
   13.449999999999999     
   13.483333333333333     
   13.549999999999999     
   13.583333333333334     
   13.650000000000000     
   13.716666666666667     
   13.783333333333333     
   13.816666666666666     
   13.883333333333333     
   13.949999999999999     
   14.016666666666666     
   14.083333333333334     
   14.116666666666667     
   14.183333333333334     
   14.250000000000000     
   14.316666666666666     
   14.350000000000000     
   14.416666666666666     
   14.449999999999999     
   14.516666666666666     
   14.549999999999999     
   14.583333333333334     
   14.616666666666667     
   14.650000000000000     
   14.683333333333334     
   14.683333333333334     
   14.716666666666667     
   14.716666666666667     
