                  100                  900                  600   1.0147387881503218     
   1.5707963267948967E-002
   4.7123889803846901E-002
   7.8539816339744828E-002
  0.10995574287564278     
  0.14137166941154070     
  0.17278759594743864     
  0.20420352248333656     
  0.23561944901923451     
  0.26703537555513246     
  0.29845130209103038     
  0.32986722862692830     
  0.36128315516282622     
  0.39269908169872420     
  0.42411500823462212     
  0.45553093477052004     
  0.48694686130641796     
  0.51836278784231593     
  0.54977871437821380     
  0.58119464091411177     
  0.61261056745000975     
  0.64402649398590761     
  0.67544242052180559     
  0.70685834705770356     
  0.73827427359360143     
  0.76969020012949940     
  0.80110612666539727     
  0.83252205320129524     
  0.86393797973719322     
  0.89535390627309108     
  0.92676983280898906     
  0.95818575934488703     
  0.98960168588078490     
   1.0210176124166828     
   1.0524335389525807     
   1.0838494654884787     
   1.1152653920243767     
   1.1466813185602747     
   1.1780972450961724     
   1.2095131716320704     
   1.2409290981679684     
   1.2723450247038663     
   1.3037609512397643     
   1.3351768777756623     
   1.3665928043115600     
   1.3980087308474580     
   1.4294246573833560     
   1.4608405839192540     
   1.4922565104551520     
   1.5236724369910497     
   1.5550883635269477     
   1.5865042900628457     
   1.6179202165987436     
   1.6493361431346416     
   1.6807520696705394     
   1.7121679962064373     
   1.7435839227423353     
   1.7749998492782333     
   1.8064157758141313     
   1.8378317023500292     
   1.8692476288859270     
   1.9006635554218250     
   1.9320794819577229     
   1.9634954084936209     
   1.9949113350295189     
   2.0263272615654166     
   2.0577431881013148     
   2.0891591146372126     
   2.1205750411731104     
   2.1519909677090086     
   2.1834068942449063     
   2.2148228207808045     
   2.2462387473167023     
   2.2776546738526000     
   2.3090706003884982     
   2.3404865269243960     
   2.3719024534602942     
   2.4033183799961919     
   2.4347343065320897     
   2.4661502330679879     
   2.4975661596038856     
   2.5289820861397838     
   2.5603980126756816     
   2.5918139392115798     
   2.6232298657474775     
   2.6546457922833753     
   2.6860617188192735     
   2.7174776453551712     
   2.7488935718910694     
   2.7803094984269672     
   2.8117254249628649     
   2.8431413514987631     
   2.8745572780346609     
   2.9059732045705591     
   2.9373891311064568     
   2.9688050576423546     
   3.0002209841782528     
   3.0316369107141505     
   3.0630528372500487     
   3.0944687637859465     
   3.1258846903218442     
   8.3333333333333332E-003
   2.5000000000000001E-002
   4.1666666666666664E-002
   5.8333333333333334E-002
   7.4999999999999997E-002
   9.1666666666666660E-002
  0.10833333333333334     
  0.12500000000000000     
  0.14166666666666666     
  0.15833333333333333     
  0.17499999999999999     
  0.19166666666666665     
  0.20833333333333334     
  0.22500000000000001     
  0.24166666666666667     
  0.25833333333333330     
  0.27500000000000002     
  0.29166666666666669     
  0.30833333333333335     
  0.32500000000000001     
  0.34166666666666667     
  0.35833333333333334     
  0.37500000000000000     
  0.39166666666666666     
  0.40833333333333333     
  0.42499999999999999     
  0.44166666666666665     
  0.45833333333333331     
  0.47499999999999998     
  0.49166666666666664     
  0.50833333333333330     
  0.52500000000000002     
  0.54166666666666663     
  0.55833333333333335     
  0.57499999999999996     
  0.59166666666666667     
  0.60833333333333328     
  0.62500000000000000     
  0.64166666666666661     
  0.65833333333333333     
  0.67500000000000004     
  0.69166666666666665     
  0.70833333333333337     
  0.72499999999999998     
  0.74166666666666670     
  0.75833333333333330     
  0.77500000000000002     
  0.79166666666666663     
  0.80833333333333335     
  0.82499999999999996     
  0.84166666666666667     
  0.85833333333333328     
  0.87500000000000000     
  0.89166666666666661     
  0.90833333333333333     
  0.92499999999999993     
  0.94166666666666665     
  0.95833333333333337     
  0.97499999999999998     
  0.99166666666666670     
   1.0083333333333333     
   1.0249999999999999     
   1.0416666666666667     
   1.0583333333333333     
   1.0750000000000000     
   1.0916666666666666     
   1.1083333333333334     
   1.1250000000000000     
   1.1416666666666666     
   1.1583333333333332     
   1.1750000000000000     
   1.1916666666666667     
   1.2083333333333333     
   1.2250000000000001     
   1.2416666666666667     
   1.2583333333333333     
   1.2749999999999999     
   1.2916666666666667     
   1.3083333333333333     
   1.3250000000000000     
   1.3416666666666666     
   1.3583333333333334     
   1.3750000000000000     
   1.3916666666666666     
   1.4083333333333332     
   1.4250000000000000     
   1.4416666666666667     
   1.4583333333333333     
   1.4750000000000001     
   1.4916666666666667     
   1.5083333333333333     
   1.5249999999999999     
   1.5416666666666667     
   1.5583333333333333     
   1.5750000000000000     
   1.5916666666666666     
   1.6083333333333334     
   1.6250000000000000     
   1.6416666666666666     
   1.6583333333333332     
   1.6750000000000000     
   1.6916666666666667     
   1.7083333333333333     
   1.7249999999999999     
   1.7416666666666667     
   1.7583333333333333     
   1.7749999999999999     
   1.7916666666666667     
   1.8083333333333333     
   1.8250000000000000     
   1.8416666666666666     
   1.8583333333333334     
   1.8750000000000000     
   1.8916666666666666     
   1.9083333333333332     
   1.9250000000000000     
   1.9416666666666667     
   1.9583333333333333     
   1.9749999999999999     
   1.9916666666666667     
   2.0083333333333333     
   2.0249999999999999     
   2.0416666666666665     
   2.0583333333333331     
   2.0750000000000002     
   2.0916666666666668     
   2.1083333333333334     
   2.1250000000000000     
   2.1416666666666666     
   2.1583333333333332     
   2.1749999999999998     
   2.1916666666666664     
   2.2083333333333335     
   2.2250000000000001     
   2.2416666666666667     
   2.2583333333333333     
   2.2749999999999999     
   2.2916666666666665     
   2.3083333333333331     
   2.3250000000000002     
   2.3416666666666668     
   2.3583333333333334     
   2.3750000000000000     
   2.3916666666666666     
   2.4083333333333332     
   2.4249999999999998     
   2.4416666666666664     
   2.4583333333333335     
   2.4750000000000001     
   2.4916666666666667     
   2.5083333333333333     
   2.5249999999999999     
   2.5416666666666665     
   2.5583333333333331     
   2.5750000000000002     
   2.5916666666666668     
   2.6083333333333334     
   2.6250000000000000     
   2.6416666666666666     
   2.6583333333333332     
   2.6749999999999998     
   2.6916666666666664     
   2.7083333333333335     
   2.7250000000000001     
   2.7416666666666667     
   2.7583333333333333     
   2.7749999999999999     
   2.7916666666666665     
   2.8083333333333331     
   2.8250000000000002     
   2.8416666666666668     
   2.8583333333333334     
   2.8750000000000000     
   2.8916666666666666     
   2.9083333333333332     
   2.9249999999999998     
   2.9416666666666664     
   2.9583333333333335     
   2.9750000000000001     
   2.9916666666666667     
   3.0083333333333333     
   3.0249999999999999     
   3.0416666666666665     
   3.0583333333333331     
   3.0750000000000002     
   3.0916666666666668     
   3.1083333333333334     
   3.1250000000000000     
   3.1416666666666666     
   3.1583333333333332     
   3.1749999999999998     
   3.1916666666666664     
   3.2083333333333335     
   3.2250000000000001     
   3.2416666666666667     
   3.2583333333333333     
   3.2749999999999999     
   3.2916666666666665     
   3.3083333333333331     
   3.3249999999999997     
   3.3416666666666668     
   3.3583333333333334     
   3.3750000000000000     
   3.3916666666666666     
   3.4083333333333332     
   3.4249999999999998     
   3.4416666666666664     
   3.4583333333333335     
   3.4750000000000001     
   3.4916666666666667     
   3.5083333333333333     
   3.5249999999999999     
   3.5416666666666665     
   3.5583333333333331     
   3.5749999999999997     
   3.5916666666666668     
   3.6083333333333334     
   3.6250000000000000     
   3.6416666666666666     
   3.6583333333333332     
   3.6749999999999998     
   3.6916666666666664     
   3.7083333333333335     
   3.7250000000000001     
   3.7416666666666667     
   3.7583333333333333     
   3.7749999999999999     
   3.7916666666666665     
   3.8083333333333331     
   3.8249999999999997     
   3.8416666666666668     
   3.8583333333333334     
   3.8750000000000000     
   3.8916666666666666     
   3.9083333333333332     
   3.9249999999999998     
   3.9416666666666664     
   3.9583333333333335     
   3.9750000000000001     
   3.9916666666666667     
   4.0083333333333329     
   4.0250000000000004     
   4.0416666666666670     
   4.0583333333333336     
   4.0750000000000002     
   4.0916666666666668     
   4.1083333333333334     
   4.1250000000000000     
   4.1416666666666666     
   4.1583333333333332     
   4.1749999999999998     
   4.1916666666666664     
   4.2083333333333330     
   4.2249999999999996     
   4.2416666666666663     
   4.2583333333333329     
   4.2750000000000004     
   4.2916666666666670     
   4.3083333333333336     
   4.3250000000000002     
   4.3416666666666668     
   4.3583333333333334     
   4.3750000000000000     
   4.3916666666666666     
   4.4083333333333332     
   4.4249999999999998     
   4.4416666666666664     
   4.4583333333333330     
   4.4749999999999996     
   4.4916666666666663     
   4.5083333333333329     
   4.5250000000000004     
   4.5416666666666670     
   4.5583333333333336     
   4.5750000000000002     
   4.5916666666666668     
   4.6083333333333334     
   4.6250000000000000     
   4.6416666666666666     
   4.6583333333333332     
   4.6749999999999998     
   4.6916666666666664     
   4.7083333333333330     
   4.7249999999999996     
   4.7416666666666663     
   4.7583333333333329     
   4.7750000000000004     
   4.7916666666666670     
   4.8083333333333336     
   4.8250000000000002     
   4.8416666666666668     
   4.8583333333333334     
   4.8750000000000000     
   4.8916666666666666     
   4.9083333333333332     
   4.9249999999999998     
   4.9416666666666664     
   4.9583333333333330     
   4.9749999999999996     
   4.9916666666666663     
   5.0083333333333329     
   5.0250000000000004     
   5.0416666666666670     
   5.0583333333333336     
   5.0750000000000002     
   5.0916666666666668     
   5.1083333333333334     
   5.1250000000000000     
   5.1416666666666666     
   5.1583333333333332     
   5.1749999999999998     
   5.1916666666666664     
   5.2083333333333330     
   5.2249999999999996     
   5.2416666666666663     
   5.2583333333333329     
   5.2750000000000004     
   5.2916666666666670     
   5.3083333333333336     
   5.3250000000000002     
   5.3416666666666668     
   5.3583333333333334     
   5.3750000000000000     
   5.3916666666666666     
   5.4083333333333332     
   5.4249999999999998     
   5.4416666666666664     
   5.4583333333333330     
   5.4749999999999996     
   5.4916666666666663     
   5.5083333333333329     
   5.5250000000000004     
   5.5416666666666670     
   5.5583333333333336     
   5.5750000000000002     
   5.5916666666666668     
   5.6083333333333334     
   5.6250000000000000     
   5.6416666666666666     
   5.6583333333333332     
   5.6749999999999998     
   5.6916666666666664     
   5.7083333333333330     
   5.7249999999999996     
   5.7416666666666663     
   5.7583333333333329     
   5.7750000000000004     
   5.7916666666666670     
   5.8083333333333336     
   5.8250000000000002     
   5.8416666666666668     
   5.8583333333333334     
   5.8750000000000000     
   5.8916666666666666     
   5.9083333333333332     
   5.9249999999999998     
   5.9416666666666664     
   5.9583333333333330     
   5.9749999999999996     
   5.9916666666666663     
   6.0083333333333329     
   6.0250000000000004     
   6.0416666666666670     
   6.0583333333333336     
   6.0750000000000002     
   6.0916666666666668     
   6.1083333333333334     
   6.1250000000000000     
   6.1416666666666666     
   6.1583333333333332     
   6.1749999999999998     
   6.1916666666666664     
   6.2083333333333330     
   6.2249999999999996     
   6.2416666666666663     
   6.2583333333333329     
   6.2750000000000004     
   6.2916666666666670     
   6.3083333333333336     
   6.3250000000000002     
   6.3416666666666668     
   6.3583333333333334     
   6.3750000000000000     
   6.3916666666666666     
   6.4083333333333332     
   6.4249999999999998     
   6.4416666666666664     
   6.4583333333333330     
   6.4749999999999996     
   6.4916666666666663     
   6.5083333333333329     
   6.5249999999999995     
   6.5416666666666670     
   6.5583333333333336     
   6.5750000000000002     
   6.5916666666666668     
   6.6083333333333334     
   6.6250000000000000     
   6.6416666666666666     
   6.6583333333333332     
   6.6749999999999998     
   6.6916666666666664     
   6.7083333333333330     
   6.7249999999999996     
   6.7416666666666663     
   6.7583333333333329     
   6.7749999999999995     
   6.7916666666666670     
   6.8083333333333336     
   6.8250000000000002     
   6.8416666666666668     
   6.8583333333333334     
   6.8750000000000000     
   6.8916666666666666     
   6.9083333333333332     
   6.9249999999999998     
   6.9416666666666664     
   6.9583333333333330     
   6.9749999999999996     
   6.9916666666666663     
   7.0083333333333329     
   7.0249999999999995     
   7.0416666666666670     
   7.0583333333333336     
   7.0750000000000002     
   7.0916666666666668     
   7.1083333333333334     
   7.1250000000000000     
   7.1416666666666666     
   7.1583333333333332     
   7.1749999999999998     
   7.1916666666666664     
   7.2083333333333330     
   7.2249999999999996     
   7.2416666666666663     
   7.2583333333333329     
   7.2749999999999995     
   7.2916666666666670     
   7.3083333333333336     
   7.3250000000000002     
   7.3416666666666668     
   7.3583333333333334     
   7.3750000000000000     
   7.3916666666666666     
   7.4083333333333332     
   7.4249999999999998     
   7.4416666666666664     
   7.4583333333333330     
   7.4749999999999996     
   7.4916666666666663     
   7.5083333333333329     
   7.5249999999999995     
   7.5416666666666670     
   7.5583333333333336     
   7.5750000000000002     
   7.5916666666666668     
   7.6083333333333334     
   7.6250000000000000     
   7.6416666666666666     
   7.6583333333333332     
   7.6749999999999998     
   7.6916666666666664     
   7.7083333333333330     
   7.7249999999999996     
   7.7416666666666663     
   7.7583333333333329     
   7.7749999999999995     
   7.7916666666666670     
   7.8083333333333336     
   7.8250000000000002     
   7.8416666666666668     
   7.8583333333333334     
   7.8750000000000000     
   7.8916666666666666     
   7.9083333333333332     
   7.9249999999999998     
   7.9416666666666664     
   7.9583333333333330     
   7.9749999999999996     
   7.9916666666666663     
   8.0083333333333329     
   8.0250000000000004     
   8.0416666666666661     
   8.0583333333333336     
   8.0749999999999993     
   8.0916666666666668     
   8.1083333333333325     
   8.1250000000000000     
   8.1416666666666657     
   8.1583333333333332     
   8.1750000000000007     
   8.1916666666666664     
   8.2083333333333339     
   8.2249999999999996     
   8.2416666666666671     
   8.2583333333333329     
   8.2750000000000004     
   8.2916666666666661     
   8.3083333333333336     
   8.3249999999999993     
   8.3416666666666668     
   8.3583333333333325     
   8.3750000000000000     
   8.3916666666666657     
   8.4083333333333332     
   8.4250000000000007     
   8.4416666666666664     
   8.4583333333333339     
   8.4749999999999996     
   8.4916666666666671     
   8.5083333333333329     
   8.5250000000000004     
   8.5416666666666661     
   8.5583333333333336     
   8.5749999999999993     
   8.5916666666666668     
   8.6083333333333325     
   8.6250000000000000     
   8.6416666666666657     
   8.6583333333333332     
   8.6750000000000007     
   8.6916666666666664     
   8.7083333333333339     
   8.7249999999999996     
   8.7416666666666671     
   8.7583333333333329     
   8.7750000000000004     
   8.7916666666666661     
   8.8083333333333336     
   8.8249999999999993     
   8.8416666666666668     
   8.8583333333333325     
   8.8750000000000000     
   8.8916666666666657     
   8.9083333333333332     
   8.9250000000000007     
   8.9416666666666664     
   8.9583333333333339     
   8.9749999999999996     
   8.9916666666666671     
   9.0083333333333329     
   9.0250000000000004     
   9.0416666666666661     
   9.0583333333333336     
   9.0749999999999993     
   9.0916666666666668     
   9.1083333333333325     
   9.1250000000000000     
   9.1416666666666657     
   9.1583333333333332     
   9.1750000000000007     
   9.1916666666666664     
   9.2083333333333339     
   9.2249999999999996     
   9.2416666666666671     
   9.2583333333333329     
   9.2750000000000004     
   9.2916666666666661     
   9.3083333333333336     
   9.3249999999999993     
   9.3416666666666668     
   9.3583333333333325     
   9.3750000000000000     
   9.3916666666666657     
   9.4083333333333332     
   9.4250000000000007     
   9.4416666666666664     
   9.4583333333333339     
   9.4749999999999996     
   9.4916666666666671     
   9.5083333333333329     
   9.5250000000000004     
   9.5416666666666661     
   9.5583333333333336     
   9.5749999999999993     
   9.5916666666666668     
   9.6083333333333325     
   9.6250000000000000     
   9.6416666666666657     
   9.6583333333333332     
   9.6750000000000007     
   9.6916666666666664     
   9.7083333333333339     
   9.7249999999999996     
   9.7416666666666671     
   9.7583333333333329     
   9.7750000000000004     
   9.7916666666666661     
   9.8083333333333336     
   9.8249999999999993     
   9.8416666666666668     
   9.8583333333333325     
   9.8750000000000000     
   9.8916666666666657     
   9.9083333333333332     
   9.9250000000000007     
   9.9416666666666664     
   9.9583333333333339     
   9.9749999999999996     
   9.9916666666666671     
   10.008333333333335     
   10.025245646469173     
   10.042407226605453     
   10.059821747635686     
   10.077492937602123     
   10.095424579493839     
   10.113620512056585     
   10.132084630614571     
   10.150820887904365     
   10.169833294921084     
   10.189125921777050     
   10.208702898573108     
   10.228568416282787     
   10.248726727649487     
   10.269182148096888     
   10.289939056652790     
   10.311001896886552     
   10.332375177860364     
   10.354063475094526     
   10.376071431546963     
   10.398403758607175     
   10.421065237104830     
   10.444060718333237     
   10.467395125087883     
   10.491073452720299     
   10.515100770207443     
   10.539482221236851     
   10.564223025307779     
   10.589328478848577     
   10.614803956350530     
   10.640654911518412     
   10.666886878437998     
   10.693505472760778     
   10.720516392906141     
   10.747925421281272     
   10.775738425519028     
   10.803961359734071     
   10.832600265797488     
   10.861661274630231     
   10.891150607515595     
   10.921074577431050     
   10.951439590399705     
   10.982252146861688     
   11.013518843065734     
   11.045246372481293     
   11.077441527231439     
   11.110111199546916     
   11.143262383241590     
   11.176902175209673     
   11.211037776944993     
   11.245676496082675     
   11.280825747963526     
   11.316493057221491     
   11.352686059394500     
   11.389412502559063     
   11.426680248988943     
   11.464497276838291     
   11.502871681849586     
   11.541811679086736     
   11.581325604693740     
   11.621421917679253     
   11.662109201727469     
   11.703396167035685     
   11.745291652178945     
   11.787804626002188     
   11.830944189540253     
   11.874719577966202     
   11.919140162568359     
   11.964215452756481     
   12.009955098097500     
   12.056368890381270     
   12.103466765716764     
   12.151258806659158     
   12.199755244368273     
   12.248966460798830     
   12.298902990922976     
   12.349575524985584     
   12.400994910792781     
   12.453172156034208     
   12.506118430639518     
   12.559845069169583     
   12.614363573242972     
   12.669685613998171     
   12.725823034592104     
   12.782787852735476     
   12.840592263265485     
   12.899248640756451     
   12.958769542168922     
   13.019167709537827     
   13.080456072700251     
   13.142647752063406     
   13.205756061413405     
   13.269794510765440     
   13.334776809255949     
   13.400716868077431     
   13.467628803456503     
   13.535526939675854     
   13.604425812140745     
   13.674340170490691     
   13.745284981757024     
   13.817275433566975     
   13.890326937394999     
   13.964455131862007     
   14.039675886083229     
   14.116005303065426     
   14.193459723154161     
   14.272055727531891     
   14.351810141767604     
   14.432740039418791     
   14.514862745686486     
   14.598195841124191     
   14.682757165401464     
   14.768564821122970     
   14.855637177703832     
   14.943992875302088     
   15.033650828809119     
   15.124630231898880     
   15.216950561136825     
   15.310631580149376     
   15.405693343854859     
   15.502156202756792     
   15.600040807300456     
   15.699368112293667     
   15.800159381392715     
   15.902436191654417     
   16.006220438155257     
   16.111534338678613     
   16.218400438471068     
   16.326841615068815     
   16.436881083195207     
   16.548542399730486     
   16.661849468754767     
   16.776826546665330     
   16.893498247369358     
   17.011889547553203     
   17.132025792029300     
   17.253932699161904     
   17.377636366372798     
   17.503163275728127     
   17.630540299607610     
   17.759794706457271     
   17.890954166626987     
   18.024046758294055     
   18.159100973474082     
   18.296145724120453     
   18.435210348313717     
   18.576324616542166     
   18.719518738075024     
   18.864823367429526     
   19.012269610933345     
   19.161889033383726     
   19.313713664804780     
   19.467776007304348     
   19.624109042031957     
   19.782746236239316     
   19.943721550444856     
   20.107069445703903     
   20.272824890985977     
   20.441023370660822     
   20.611700892094802     
   20.784893993359223     
   20.960639751052277     
   21.138975788236284     
   21.319940282491913     
   21.503571974091109     
   21.689910174290471     
   21.878994773746882     
   22.070866251057168     
   22.265565681423620     
   22.463134745447235     
   22.663615738050549     
   22.867051577532010     
   23.073485814753770     
   23.282962642464916     
   23.495526904762098     
   23.711224106689606     
   23.930100423980942     
   24.152202712943957     
   24.377578520491699     
   24.606276094321096     
   24.838344393241655     
   25.073833097656411     
   25.312792620197332     
   25.555274116517484     
   25.801329496242271     
   26.051011434082071     
   26.304373381108650     
   26.561469576197808     
   26.822355057640639     
   27.087085674925952     
   27.355718100696336     
   27.628309842880459     
   27.904919257004160     
   28.185605558683015     
   28.470428836299011     
   28.759450063864069     
   29.052731114073154     
   29.350334771549775     
   29.652324746286705     
   29.958765687284803     
   30.269723196392860     
   30.585263842351409     
   30.905455175043560     
   31.230365739955829     
   31.560065092852142     
   31.894623814664090     
   32.234113526600666     
   32.578606905480690     
   32.928177699291219     
   33.282900742975258     
   33.642851974452192     
   34.008108450874310     
   34.378748365122952     
   34.754851062547758     
   35.136497057952667     
   35.523768052832274     
   35.916746952862177     
   36.315517885647161     
   36.720166218730974     
   37.130778577871489     
   37.547442865585282     
   37.970248279965489     
   38.399285333777058     
   38.834645873833395     
   39.276423100658626     
   39.724711588439675     
   40.179607305272356     
   40.641207633705925     
   41.109611391590391     
   41.584918853231130     
   42.067231770855258     
   42.556653396394417     
   43.053288503588583     
   43.557243410415694     
   44.068626001851847     
   44.587545752966939     
   45.114113752360737     
   45.648442725944335     
   46.190647061072163     
   46.740842831029624     
   47.299147819881689     
   47.865681547687714     
   48.440565296087883     
   49.023922134266783     
   49.615876945299647     
   50.216556452886891     
   50.826089248482702     
   51.444605818823469     
   52.072238573861952     
   52.709121875113155     
   53.355392064417977     
   54.011187493130826     
   54.676648551737429     
   55.351917699909123     
   56.037139497000169     
   56.732460632994517     
   57.438029959908732     
   58.153998523657698     
   58.880519596390052     
   59.617748709300152     
   60.365843685923679     
   61.124964675923984     
   61.895274189376366     
   62.676937131557700     
   63.470120838248803     
   64.274995111557118     
   65.091732256267363     
   65.920507116727990     
   66.761497114281255     
   67.614882285245002     
   68.480845319454204     
   69.359571599370625     
   70.251249239768853     
   71.156069128007303     
   72.074224964892693     
   73.005913306146908     
   73.951333604485001     
   74.910688252313307     
   75.884182625056994     
   76.872025125126072     
   77.874427226529548     
   78.891603520147058     
   79.923771759667716     
   80.971152908206165     
   82.033971185605566     
   83.112454116437846     
   84.206832578711399     
   85.317340853296670     
   86.444216674080238     
   87.587701278858063     
   88.748039460978859     
   89.925479621748664     
   91.120273823607732     
   92.332677844091236     
   93.562951230585242     
   94.811357355889768     
   96.078163474600714     
   97.363640780322868     
   98.668064463726111     
   99.991713771457299     
