   6.3083333333333336     
   6.3083333333333336     
   6.3083333333333336     
   6.3250000000000002     
   6.3250000000000002     
   6.3250000000000002     
   6.3250000000000002     
   6.3250000000000002     
   6.3250000000000002     
   6.3416666666666668     
   6.3416666666666668     
   6.3416666666666668     
   6.3416666666666668     
   6.3583333333333334     
   6.3583333333333334     
   6.3583333333333334     
   6.3750000000000000     
   6.3750000000000000     
   6.3916666666666666     
   6.3916666666666666     
   6.3916666666666666     
   6.4083333333333332     
   6.4083333333333332     
   6.4249999999999998     
   6.4249999999999998     
   6.4249999999999998     
   6.4416666666666664     
   6.4416666666666664     
   6.4583333333333330     
   6.4583333333333330     
   6.4749999999999996     
   6.4749999999999996     
   6.4749999999999996     
   6.4916666666666663     
   6.4916666666666663     
   6.5083333333333329     
   6.5083333333333329     
   6.5083333333333329     
   6.5249999999999995     
   6.5249999999999995     
   6.5249999999999995     
   6.5249999999999995     
   6.5416666666666670     
   6.5416666666666670     
   6.5416666666666670     
   6.5416666666666670     
   6.5416666666666670     
   6.5416666666666670     
   6.5416666666666670     
   6.5416666666666670     
   6.5416666666666670     
   6.5416666666666670     
   6.5416666666666670     
   6.5416666666666670     
   6.5416666666666670     
   6.5416666666666670     
   6.5416666666666670     
   6.5416666666666670     
   6.5249999999999995     
   6.5249999999999995     
   6.5249999999999995     
   6.5249999999999995     
   6.5083333333333329     
   6.5083333333333329     
   6.5083333333333329     
   6.4916666666666663     
   6.4916666666666663     
   6.4749999999999996     
   6.4749999999999996     
   6.4749999999999996     
   6.4583333333333330     
   6.4583333333333330     
   6.4416666666666664     
   6.4416666666666664     
   6.4249999999999998     
   6.4249999999999998     
   6.4249999999999998     
   6.4083333333333332     
   6.4083333333333332     
   6.3916666666666666     
   6.3916666666666666     
   6.3916666666666666     
   6.3750000000000000     
   6.3750000000000000     
   6.3583333333333334     
   6.3583333333333334     
   6.3583333333333334     
   6.3416666666666668     
   6.3416666666666668     
   6.3416666666666668     
   6.3416666666666668     
   6.3250000000000002     
   6.3250000000000002     
   6.3250000000000002     
   6.3250000000000002     
   6.3250000000000002     
   6.3250000000000002     
   6.3083333333333336     
   6.3083333333333336     
   6.3083333333333336     
