                  100                  900                  600   1.0111362363417629     
   1.5707963267948967E-002
   4.7123889803846901E-002
   7.8539816339744828E-002
  0.10995574287564278     
  0.14137166941154070     
  0.17278759594743864     
  0.20420352248333656     
  0.23561944901923451     
  0.26703537555513246     
  0.29845130209103038     
  0.32986722862692830     
  0.36128315516282622     
  0.39269908169872420     
  0.42411500823462212     
  0.45553093477052004     
  0.48694686130641796     
  0.51836278784231593     
  0.54977871437821380     
  0.58119464091411177     
  0.61261056745000975     
  0.64402649398590761     
  0.67544242052180559     
  0.70685834705770356     
  0.73827427359360143     
  0.76969020012949940     
  0.80110612666539727     
  0.83252205320129524     
  0.86393797973719322     
  0.89535390627309108     
  0.92676983280898906     
  0.95818575934488703     
  0.98960168588078490     
   1.0210176124166828     
   1.0524335389525807     
   1.0838494654884787     
   1.1152653920243767     
   1.1466813185602747     
   1.1780972450961724     
   1.2095131716320704     
   1.2409290981679684     
   1.2723450247038663     
   1.3037609512397643     
   1.3351768777756623     
   1.3665928043115600     
   1.3980087308474580     
   1.4294246573833560     
   1.4608405839192540     
   1.4922565104551520     
   1.5236724369910497     
   1.5550883635269477     
   1.5865042900628457     
   1.6179202165987436     
   1.6493361431346416     
   1.6807520696705394     
   1.7121679962064373     
   1.7435839227423353     
   1.7749998492782333     
   1.8064157758141313     
   1.8378317023500292     
   1.8692476288859270     
   1.9006635554218250     
   1.9320794819577229     
   1.9634954084936209     
   1.9949113350295189     
   2.0263272615654166     
   2.0577431881013148     
   2.0891591146372126     
   2.1205750411731104     
   2.1519909677090086     
   2.1834068942449063     
   2.2148228207808045     
   2.2462387473167023     
   2.2776546738526000     
   2.3090706003884982     
   2.3404865269243960     
   2.3719024534602942     
   2.4033183799961919     
   2.4347343065320897     
   2.4661502330679879     
   2.4975661596038856     
   2.5289820861397838     
   2.5603980126756816     
   2.5918139392115798     
   2.6232298657474775     
   2.6546457922833753     
   2.6860617188192735     
   2.7174776453551712     
   2.7488935718910694     
   2.7803094984269672     
   2.8117254249628649     
   2.8431413514987631     
   2.8745572780346609     
   2.9059732045705591     
   2.9373891311064568     
   2.9688050576423546     
   3.0002209841782528     
   3.0316369107141505     
   3.0630528372500487     
   3.0944687637859465     
   3.1258846903218442     
   1.6666666666666666E-002
   5.0000000000000003E-002
   8.3333333333333329E-002
  0.11666666666666667     
  0.14999999999999999     
  0.18333333333333332     
  0.21666666666666667     
  0.25000000000000000     
  0.28333333333333333     
  0.31666666666666665     
  0.34999999999999998     
  0.38333333333333330     
  0.41666666666666669     
  0.45000000000000001     
  0.48333333333333334     
  0.51666666666666661     
  0.55000000000000004     
  0.58333333333333337     
  0.61666666666666670     
  0.65000000000000002     
  0.68333333333333335     
  0.71666666666666667     
  0.75000000000000000     
  0.78333333333333333     
  0.81666666666666665     
  0.84999999999999998     
  0.88333333333333330     
  0.91666666666666663     
  0.94999999999999996     
  0.98333333333333328     
   1.0166666666666666     
   1.0500000000000000     
   1.0833333333333333     
   1.1166666666666667     
   1.1499999999999999     
   1.1833333333333333     
   1.2166666666666666     
   1.2500000000000000     
   1.2833333333333332     
   1.3166666666666667     
   1.3500000000000001     
   1.3833333333333333     
   1.4166666666666667     
   1.4500000000000000     
   1.4833333333333334     
   1.5166666666666666     
   1.5500000000000000     
   1.5833333333333333     
   1.6166666666666667     
   1.6499999999999999     
   1.6833333333333333     
   1.7166666666666666     
   1.7500000000000000     
   1.7833333333333332     
   1.8166666666666667     
   1.8499999999999999     
   1.8833333333333333     
   1.9166666666666667     
   1.9500000000000000     
   1.9833333333333334     
   2.0166666666666666     
   2.0499999999999998     
   2.0833333333333335     
   2.1166666666666667     
   2.1499999999999999     
   2.1833333333333331     
   2.2166666666666668     
   2.2500000000000000     
   2.2833333333333332     
   2.3166666666666664     
   2.3500000000000001     
   2.3833333333333333     
   2.4166666666666665     
   2.4500000000000002     
   2.4833333333333334     
   2.5166666666666666     
   2.5499999999999998     
   2.5833333333333335     
   2.6166666666666667     
   2.6499999999999999     
   2.6833333333333331     
   2.7166666666666668     
   2.7500000000000000     
   2.7833333333333332     
   2.8166666666666664     
   2.8500000000000001     
   2.8833333333333333     
   2.9166666666666665     
   2.9500000000000002     
   2.9833333333333334     
   3.0166666666666666     
   3.0499999999999998     
   3.0833333333333335     
   3.1166666666666667     
   3.1499999999999999     
   3.1833333333333331     
   3.2166666666666668     
   3.2500000000000000     
   3.2833333333333332     
   3.3166666666666664     
   3.3500000000000001     
   3.3833333333333333     
   3.4166666666666665     
   3.4499999999999997     
   3.4833333333333334     
   3.5166666666666666     
   3.5499999999999998     
   3.5833333333333335     
   3.6166666666666667     
   3.6499999999999999     
   3.6833333333333331     
   3.7166666666666668     
   3.7500000000000000     
   3.7833333333333332     
   3.8166666666666664     
   3.8500000000000001     
   3.8833333333333333     
   3.9166666666666665     
   3.9499999999999997     
   3.9833333333333334     
   4.0166666666666666     
   4.0499999999999998     
   4.0833333333333330     
   4.1166666666666663     
   4.1500000000000004     
   4.1833333333333336     
   4.2166666666666668     
   4.2500000000000000     
   4.2833333333333332     
   4.3166666666666664     
   4.3499999999999996     
   4.3833333333333329     
   4.4166666666666670     
   4.4500000000000002     
   4.4833333333333334     
   4.5166666666666666     
   4.5499999999999998     
   4.5833333333333330     
   4.6166666666666663     
   4.6500000000000004     
   4.6833333333333336     
   4.7166666666666668     
   4.7500000000000000     
   4.7833333333333332     
   4.8166666666666664     
   4.8499999999999996     
   4.8833333333333329     
   4.9166666666666670     
   4.9500000000000002     
   4.9833333333333334     
   5.0166666666666666     
   5.0499999999999998     
   5.0833333333333330     
   5.1166666666666663     
   5.1500000000000004     
   5.1833333333333336     
   5.2166666666666668     
   5.2500000000000000     
   5.2833333333333332     
   5.3166666666666664     
   5.3499999999999996     
   5.3833333333333329     
   5.4166666666666670     
   5.4500000000000002     
   5.4833333333333334     
   5.5166666666666666     
   5.5499999999999998     
   5.5833333333333330     
   5.6166666666666663     
   5.6500000000000004     
   5.6833333333333336     
   5.7166666666666668     
   5.7500000000000000     
   5.7833333333333332     
   5.8166666666666664     
   5.8499999999999996     
   5.8833333333333329     
   5.9166666666666670     
   5.9500000000000002     
   5.9833333333333334     
   6.0166666666666666     
   6.0499999999999998     
   6.0833333333333330     
   6.1166666666666663     
   6.1500000000000004     
   6.1833333333333336     
   6.2166666666666668     
   6.2500000000000000     
   6.2833333333333332     
   6.3166666666666664     
   6.3499999999999996     
   6.3833333333333329     
   6.4166666666666670     
   6.4500000000000002     
   6.4833333333333334     
   6.5166666666666666     
   6.5499999999999998     
   6.5833333333333330     
   6.6166666666666663     
   6.6499999999999995     
   6.6833333333333336     
   6.7166666666666668     
   6.7500000000000000     
   6.7833333333333332     
   6.8166666666666664     
   6.8499999999999996     
   6.8833333333333329     
   6.9166666666666670     
   6.9500000000000002     
   6.9833333333333334     
   7.0166666666666666     
   7.0499999999999998     
   7.0833333333333330     
   7.1166666666666663     
   7.1499999999999995     
   7.1833333333333336     
   7.2166666666666668     
   7.2500000000000000     
   7.2833333333333332     
   7.3166666666666664     
   7.3499999999999996     
   7.3833333333333329     
   7.4166666666666670     
   7.4500000000000002     
   7.4833333333333334     
   7.5166666666666666     
   7.5499999999999998     
   7.5833333333333330     
   7.6166666666666663     
   7.6499999999999995     
   7.6833333333333336     
   7.7166666666666668     
   7.7500000000000000     
   7.7833333333333332     
   7.8166666666666664     
   7.8499999999999996     
   7.8833333333333329     
   7.9166666666666670     
   7.9500000000000002     
   7.9833333333333334     
   8.0166666666666657     
   8.0500000000000007     
   8.0833333333333339     
   8.1166666666666671     
   8.1500000000000004     
   8.1833333333333336     
   8.2166666666666668     
   8.2500000000000000     
   8.2833333333333332     
   8.3166666666666664     
   8.3499999999999996     
   8.3833333333333329     
   8.4166666666666661     
   8.4499999999999993     
   8.4833333333333325     
   8.5166666666666657     
   8.5500000000000007     
   8.5833333333333339     
   8.6166666666666671     
   8.6500000000000004     
   8.6833333333333336     
   8.7166666666666668     
   8.7500000000000000     
   8.7833333333333332     
   8.8166666666666664     
   8.8499999999999996     
   8.8833333333333329     
   8.9166666666666661     
   8.9499999999999993     
   8.9833333333333325     
   9.0166666666666657     
   9.0500000000000007     
   9.0833333333333339     
   9.1166666666666671     
   9.1500000000000004     
   9.1833333333333336     
   9.2166666666666668     
   9.2500000000000000     
   9.2833333333333332     
   9.3166666666666664     
   9.3499999999999996     
   9.3833333333333329     
   9.4166666666666661     
   9.4499999999999993     
   9.4833333333333325     
   9.5166666666666657     
   9.5500000000000007     
   9.5833333333333339     
   9.6166666666666671     
   9.6500000000000004     
   9.6833333333333336     
   9.7166666666666668     
   9.7500000000000000     
   9.7833333333333332     
   9.8166666666666664     
   9.8499999999999996     
   9.8833333333333329     
   9.9166666666666661     
   9.9499999999999993     
   9.9833333333333325     
   10.016666666666666     
   10.050000000000001     
   10.083333333333334     
   10.116666666666667     
   10.150000000000000     
   10.183333333333334     
   10.216666666666667     
   10.250000000000000     
   10.283333333333333     
   10.316666666666666     
   10.350000000000000     
   10.383333333333333     
   10.416666666666666     
   10.449999999999999     
   10.483333333333333     
   10.516666666666666     
   10.550000000000001     
   10.583333333333334     
   10.616666666666667     
   10.650000000000000     
   10.683333333333334     
   10.716666666666667     
   10.750000000000000     
   10.783333333333333     
   10.816666666666666     
   10.850000000000000     
   10.883333333333333     
   10.916666666666666     
   10.949999999999999     
   10.983333333333333     
   11.016666666666666     
   11.050000000000001     
   11.083333333333334     
   11.116666666666667     
   11.150000000000000     
   11.183333333333334     
   11.216666666666667     
   11.250000000000000     
   11.283333333333333     
   11.316666666666666     
   11.350000000000000     
   11.383333333333333     
   11.416666666666666     
   11.449999999999999     
   11.483333333333333     
   11.516666666666666     
   11.550000000000001     
   11.583333333333334     
   11.616666666666667     
   11.650000000000000     
   11.683333333333334     
   11.716666666666667     
   11.750000000000000     
   11.783333333333333     
   11.816666666666666     
   11.850000000000000     
   11.883333333333333     
   11.916666666666666     
   11.949999999999999     
   11.983333333333333     
   12.016666666666666     
   12.050000000000001     
   12.083333333333334     
   12.116666666666667     
   12.150000000000000     
   12.183333333333334     
   12.216666666666667     
   12.250000000000000     
   12.283333333333333     
   12.316666666666666     
   12.350000000000000     
   12.383333333333333     
   12.416666666666666     
   12.449999999999999     
   12.483333333333333     
   12.516666666666666     
   12.550000000000001     
   12.583333333333334     
   12.616666666666667     
   12.650000000000000     
   12.683333333333334     
   12.716666666666667     
   12.750000000000000     
   12.783333333333333     
   12.816666666666666     
   12.850000000000000     
   12.883333333333333     
   12.916666666666666     
   12.949999999999999     
   12.983333333333333     
   13.016666666666666     
   13.049999999999999     
   13.083333333333334     
   13.116666666666667     
   13.150000000000000     
   13.183333333333334     
   13.216666666666667     
   13.250000000000000     
   13.283333333333333     
   13.316666666666666     
   13.350000000000000     
   13.383333333333333     
   13.416666666666666     
   13.449999999999999     
   13.483333333333333     
   13.516666666666666     
   13.549999999999999     
   13.583333333333334     
   13.616666666666667     
   13.650000000000000     
   13.683333333333334     
   13.716666666666667     
   13.750000000000000     
   13.783333333333333     
   13.816666666666666     
   13.850000000000000     
   13.883333333333333     
   13.916666666666666     
   13.949999999999999     
   13.983333333333333     
   14.016666666666666     
   14.049999999999999     
   14.083333333333334     
   14.116666666666667     
   14.150000000000000     
   14.183333333333334     
   14.216666666666667     
   14.250000000000000     
   14.283333333333333     
   14.316666666666666     
   14.350000000000000     
   14.383333333333333     
   14.416666666666666     
   14.449999999999999     
   14.483333333333333     
   14.516666666666666     
   14.549999999999999     
   14.583333333333334     
   14.616666666666667     
   14.650000000000000     
   14.683333333333334     
   14.716666666666667     
   14.750000000000000     
   14.783333333333333     
   14.816666666666666     
   14.850000000000000     
   14.883333333333333     
   14.916666666666666     
   14.949999999999999     
   14.983333333333333     
   15.016666666666666     
   15.049999999999999     
   15.083333333333334     
   15.116666666666667     
   15.150000000000000     
   15.183333333333334     
   15.216666666666667     
   15.250000000000000     
   15.283333333333333     
   15.316666666666666     
   15.350000000000000     
   15.383333333333333     
   15.416666666666666     
   15.449999999999999     
   15.483333333333333     
   15.516666666666666     
   15.549999999999999     
   15.583333333333334     
   15.616666666666667     
   15.650000000000000     
   15.683333333333334     
   15.716666666666667     
   15.750000000000000     
   15.783333333333333     
   15.816666666666666     
   15.850000000000000     
   15.883333333333333     
   15.916666666666666     
   15.949999999999999     
   15.983333333333333     
   16.016666666666666     
   16.050000000000001     
   16.083333333333332     
   16.116666666666667     
   16.149999999999999     
   16.183333333333334     
   16.216666666666665     
   16.250000000000000     
   16.283333333333331     
   16.316666666666666     
   16.350000000000001     
   16.383333333333333     
   16.416666666666668     
   16.449999999999999     
   16.483333333333334     
   16.516666666666666     
   16.550000000000001     
   16.583333333333332     
   16.616666666666667     
   16.649999999999999     
   16.683333333333334     
   16.716666666666665     
   16.750000000000000     
   16.783333333333331     
   16.816666666666666     
   16.850000000000001     
   16.883333333333333     
   16.916666666666668     
   16.949999999999999     
   16.983333333333334     
   17.016666666666666     
   17.050000000000001     
   17.083333333333332     
   17.116666666666667     
   17.149999999999999     
   17.183333333333334     
   17.216666666666665     
   17.250000000000000     
   17.283333333333331     
   17.316666666666666     
   17.350000000000001     
   17.383333333333333     
   17.416666666666668     
   17.449999999999999     
   17.483333333333334     
   17.516666666666666     
   17.550000000000001     
   17.583333333333332     
   17.616666666666667     
   17.649999999999999     
   17.683333333333334     
   17.716666666666665     
   17.750000000000000     
   17.783333333333331     
   17.816666666666666     
   17.850000000000001     
   17.883333333333333     
   17.916666666666668     
   17.949999999999999     
   17.983333333333334     
   18.016666666666666     
   18.050000000000001     
   18.083333333333332     
   18.116666666666667     
   18.149999999999999     
   18.183333333333334     
   18.216666666666665     
   18.250000000000000     
   18.283333333333331     
   18.316666666666666     
   18.350000000000001     
   18.383333333333333     
   18.416666666666668     
   18.449999999999999     
   18.483333333333334     
   18.516666666666666     
   18.550000000000001     
   18.583333333333332     
   18.616666666666667     
   18.649999999999999     
   18.683333333333334     
   18.716666666666665     
   18.750000000000000     
   18.783333333333331     
   18.816666666666666     
   18.850000000000001     
   18.883333333333333     
   18.916666666666668     
   18.949999999999999     
   18.983333333333334     
   19.016666666666666     
   19.050000000000001     
   19.083333333333332     
   19.116666666666667     
   19.149999999999999     
   19.183333333333334     
   19.216666666666665     
   19.250000000000000     
   19.283333333333331     
   19.316666666666666     
   19.350000000000001     
   19.383333333333333     
   19.416666666666668     
   19.449999999999999     
   19.483333333333334     
   19.516666666666666     
   19.550000000000001     
   19.583333333333332     
   19.616666666666667     
   19.649999999999999     
   19.683333333333334     
   19.716666666666665     
   19.750000000000000     
   19.783333333333331     
   19.816666666666666     
   19.850000000000001     
   19.883333333333333     
   19.916666666666668     
   19.949999999999999     
   19.983333333333334     
   20.016666666666669     
   20.050371207878062     
   20.084451090826175     
   20.118910495405299     
   20.153753648058011     
   20.188984822293556     
   20.224608339211986     
   20.260628568034143     
   20.297049926637548     
   20.333876882098249     
   20.371113951238708     
   20.408765701181792     
   20.446836749910922     
   20.485331766836477     
   20.524255473368495     
   20.563612643495752     
   20.603408104371290     
   20.643646736904468     
   20.684333476359605     
   20.725473312961288     
   20.767071292506429     
   20.809132516983126     
   20.851662145196418     
   20.894665393401020     
   20.938147535941091     
   20.982113905897137     
   21.026569895740103     
   21.071520957992767     
   21.116972605898489     
   21.162930414097413     
   21.209400019310188     
   21.256387121029320     
   21.303897482218211     
   21.351936930017985     
   21.400511356462186     
   21.449626719199433     
   21.499289042224135     
   21.549504416615321     
   21.600279001283717     
   21.651619023727136     
   21.703530780794274     
   21.756020639457031     
   21.809095037591401     
   21.862760484767094     
   21.917023563045920     
   21.971890927789090     
   22.027369308473489     
   22.083465509517048     
   22.140186411113305     
   22.197538970075254     
   22.255530220688609     
   22.314167275574547     
   22.373457326562082     
   22.433407645570128     
   22.494025585499411     
   22.555318581134298     
   22.617294150054672     
   22.679959893557957     
   22.743323497591426     
   22.807392733694879     
   22.872175459953816     
   22.937679621963238     
   23.003913253802164     
   23.070884479019021     
   23.138601511627993     
   23.207072657116459     
   23.276306313463678     
   23.346310972170784     
   23.417095219302276     
   23.488667736539096     
   23.561037302243442     
   23.634212792535422     
   23.708203182381716     
   23.783017546696360     
   23.858665061453770     
   23.935155004814185     
   24.012496758261630     
   24.090699807754550     
   24.169773744889273     
   24.249728268076399     
   24.330573183730333     
   24.412318407472018     
   24.494973965345100     
   24.578549995045616     
   24.663056747165385     
   24.748504586449233     
   24.834903993066238     
   24.922265563895120     
   25.010600013823939     
   25.099918177064286     
   25.190231008480090     
   25.281549584931234     
   25.373885106632130     
   25.467248898525430     
   25.561652411671016     
   25.657107224650481     
   25.753625044987245     
   25.851217710582471     
   25.949897191166990     
   26.049675589769379     
   26.150565144200407     
   26.252578228553993     
   26.355727354724895     
   26.460025173943283     
   26.565484478326415     
   26.672118202447596     
   26.779939424922592     
   26.888961370013728     
   26.999197409251838     
   27.110661063076282     
   27.223366002493233     
   27.337326050752417     
   27.452555185042531     
   27.569067538205559     
   27.686877400470145     
   27.805999221204299     
   27.926447610687610     
   28.048237341903192     
   28.171383352349590     
   28.295900745872864     
   28.421804794519073     
   28.549110940407392     
   28.677834797624083     
   28.807992154137562     
   28.939598973734793     
   29.072671397979246     
   29.207225748190659     
   29.343278527446838     
   29.480846422607769     
   29.619946306362248     
   29.760595239297331     
   29.902810471990794     
   30.046609447126929     
   30.192009801635887     
   30.339029368856831     
   30.487686180725213     
   30.637998469984371     
   30.789984672421792     
   30.943663429130243     
   31.099053588794106     
   31.256174210001173     
   31.415044563580167     
   31.575684134964316     
   31.738112626581238     
   31.902349960269440     
   32.068416279721738     
   32.236331952955858     
   32.406117574812605     
   32.577793969481782     
   32.751382193056294     
   32.926903536114679     
   33.104379526332387     
   33.283831931122144     
   33.465282760303737     
   33.648754268803508     
   33.834268959383913     
   34.021849585403487     
   34.211519153607554     
   34.403300926949981     
   34.597218427446393     
   34.793295439059136     
   34.991556010614381     
   35.192024458751725     
   35.394725370906592     
   35.599683608325904     
   35.806924309117306     
   36.016472891332356     
   36.228355056084034     
   36.442596790698992     
   36.659224371904891     
   36.878264369053241     
   37.099743647378133     
   37.323689371291259     
   37.550129007713608     
   37.779090329444301     
   38.010601418566907     
   38.244690669893721     
   38.481386794448376     
   38.720718822987251     
   38.962716109560091     
   39.207408335110273     
   39.454825511115168     
   39.704997983267070     
   39.957956435195058     
   40.213731892228360     
   40.472355725201609     
   40.733859654302456     
   40.998275752962073     
   41.265636451788929     
   41.535974542546420     
   41.809323182174772     
   42.085715896857721     
   42.365186586134520     
   42.647769527057704     
   42.933499378397158     
   43.222411184891023     
   43.514540381543931     
   43.809922797973094     
   44.108594662802815     
   44.410592608107912     
   44.715953673906654     
   45.024715312703705     
   45.336915394083668     
   45.652592209355795     
   45.971784476250413     
   46.294531343667629     
   46.620872396478966     
   46.950847660382429     
   47.284497606811655     
   47.621863157899739     
   47.962985691498304     
   48.307907046252524     
   48.656669526732607     
   49.009315908622462     
   49.365889443966104     
   49.726433866472554     
   50.090993396879739     
   50.459612748378184     
   50.832337132095063     
   51.209212262639348     
   51.590284363708705     
   51.975600173758828     
   52.365206951735885     
   52.759152482872850     
   53.157485084550331     
   53.560253612222724     
   53.967507465410300     
   54.379296593758070     
   54.795671503162090     
   55.216683261964008     
   55.642383507214610     
   56.072824451007065     
   56.508058886880768     
   56.948140196296436     
   57.393122355183344     
   57.843059940559485     
   58.298008137225416     
   58.758022744532681     
   59.223160183227584     
   59.693477502371195     
   60.169032386336411     
   60.649883161882947     
   61.136088805311090     
   61.627708949695148     
   62.124803892197434     
   62.627434601463719     
   63.135662725101021     
   63.649550597238679     
   64.169161246173630     
   64.694558402100810     
   65.225806504929693     
   65.762970712187794     
   66.306116907012253     
   66.855311706230410     
   67.410622468530320     
   67.972117302722324     
   68.539865076092582     
   69.113935422849593     
   69.694398752664895     
   70.281326259308742     
   70.874789929382061     
   71.474862551145563     
   72.081617723447238     
   72.695129864749262     
   73.315474222255361     
   73.942726881139933     
   74.576964773879837     
   75.218265689690199     
   75.866708284065211     
   76.522372088425243     
   77.185337519871368     
   77.855685891048495     
   78.533499420118375     
   79.218861240843623     
   79.911855412784078     
   80.612566931606736     
   81.321081739510390     
   82.037486735766507     
   82.761869787377350     
   83.494319739852898     
   84.234926428107727     
   84.983780687479253     
   85.740974364868677     
   86.506600330005995     
   87.280752486840470     
   88.063525785057934     
   88.855016231726381     
   89.655320903071171     
   90.464537956381477     
   91.282766642049225     
   92.110107315742184     
   92.946661450712540     
   93.792531650242609     
   94.647821660229098     
   95.512636381907541     
   96.387081884718427     
   97.271265419316606     
   98.165295430725564     
   99.069281571638200     
   99.983334715865723     
