   6.7166666666666668     
   6.7500000000000000     
   6.7500000000000000     
   6.7500000000000000     
   6.7833333333333332     
   6.7833333333333332     
   6.8166666666666664     
   6.8499999999999996     
   6.8833333333333329     
   6.9500000000000002     
   6.9833333333333334     
   7.0499999999999998     
   7.0833333333333330     
   7.1499999999999995     
   7.2166666666666668     
   7.2833333333333332     
   7.3499999999999996     
   7.4500000000000002     
   7.5166666666666666     
   7.6166666666666663     
   7.6833333333333336     
   7.7833333333333332     
   7.8833333333333329     
   7.9833333333333334     
   8.0833333333333339     
   8.1833333333333336     
   8.2833333333333332     
   8.3833333333333329     
   8.5166666666666657     
   8.6166666666666671     
   8.7166666666666668     
   8.8166666666666664     
   8.9499999999999993     
   9.0500000000000007     
   9.1500000000000004     
   9.2500000000000000     
   9.3499999999999996     
   9.4166666666666661     
   9.5166666666666657     
   9.5833333333333339     
   9.6833333333333336     
   9.7500000000000000     
   9.7833333333333332     
   9.8499999999999996     
   9.9166666666666661     
   9.9499999999999993     
   9.9833333333333325     
   9.9833333333333325     
   10.016666666666666     
   10.016666666666666     
   10.016666666666666     
   10.016666666666666     
   9.9833333333333325     
   9.9833333333333325     
   9.9499999999999993     
   9.9166666666666661     
   9.8499999999999996     
   9.7833333333333332     
   9.7500000000000000     
   9.6833333333333336     
   9.5833333333333339     
   9.5166666666666657     
   9.4166666666666661     
   9.3499999999999996     
   9.2500000000000000     
   9.1500000000000004     
   9.0500000000000007     
   8.9499999999999993     
   8.8166666666666664     
   8.7166666666666668     
   8.6166666666666671     
   8.5166666666666657     
   8.3833333333333329     
   8.2833333333333332     
   8.1833333333333336     
   8.0833333333333339     
   7.9833333333333334     
   7.8833333333333329     
   7.7833333333333332     
   7.6833333333333336     
   7.6166666666666663     
   7.5166666666666666     
   7.4500000000000002     
   7.3499999999999996     
   7.2833333333333332     
   7.2166666666666668     
   7.1499999999999995     
   7.0833333333333330     
   7.0499999999999998     
   6.9833333333333334     
   6.9500000000000002     
   6.8833333333333329     
   6.8499999999999996     
   6.8166666666666664     
   6.7833333333333332     
   6.7833333333333332     
   6.7500000000000000     
   6.7500000000000000     
   6.7500000000000000     
   6.7166666666666668     
