   6.6416666666666666     
   6.6416666666666666     
   6.6416666666666666     
   6.6416666666666666     
   6.6416666666666666     
   6.6416666666666666     
   6.6416666666666666     
   6.6416666666666666     
   6.6416666666666666     
   6.6416666666666666     
   6.6250000000000000     
   6.6250000000000000     
   6.6250000000000000     
   6.6250000000000000     
   6.6250000000000000     
   6.6250000000000000     
   6.6250000000000000     
   6.6083333333333334     
   6.6083333333333334     
   6.6083333333333334     
   6.6083333333333334     
   6.6083333333333334     
   6.6083333333333334     
   6.5916666666666668     
   6.5916666666666668     
   6.5916666666666668     
   6.5916666666666668     
   6.5916666666666668     
   6.5750000000000002     
   6.5750000000000002     
   6.5750000000000002     
   6.5750000000000002     
   6.5750000000000002     
   6.5750000000000002     
   6.5583333333333336     
   6.5583333333333336     
   6.5583333333333336     
   6.5583333333333336     
   6.5583333333333336     
   6.5583333333333336     
   6.5583333333333336     
   6.5583333333333336     
   6.5416666666666670     
   6.5416666666666670     
   6.5416666666666670     
   6.5416666666666670     
   6.5416666666666670     
   6.5416666666666670     
   6.5416666666666670     
   6.5416666666666670     
   6.5416666666666670     
   6.5416666666666670     
   6.5416666666666670     
   6.5416666666666670     
   6.5416666666666670     
   6.5416666666666670     
   6.5416666666666670     
   6.5416666666666670     
   6.5583333333333336     
   6.5583333333333336     
   6.5583333333333336     
   6.5583333333333336     
   6.5583333333333336     
   6.5583333333333336     
   6.5583333333333336     
   6.5583333333333336     
   6.5750000000000002     
   6.5750000000000002     
   6.5750000000000002     
   6.5750000000000002     
   6.5750000000000002     
   6.5750000000000002     
   6.5916666666666668     
   6.5916666666666668     
   6.5916666666666668     
   6.5916666666666668     
   6.5916666666666668     
   6.6083333333333334     
   6.6083333333333334     
   6.6083333333333334     
   6.6083333333333334     
   6.6083333333333334     
   6.6083333333333334     
   6.6250000000000000     
   6.6250000000000000     
   6.6250000000000000     
   6.6250000000000000     
   6.6250000000000000     
   6.6250000000000000     
   6.6250000000000000     
   6.6416666666666666     
   6.6416666666666666     
   6.6416666666666666     
   6.6416666666666666     
   6.6416666666666666     
   6.6416666666666666     
   6.6416666666666666     
   6.6416666666666666     
   6.6416666666666666     
   6.6416666666666666     
