   7.5941666666666672     
   7.5941666666666672     
   7.5941666666666672     
   7.6158333333333337     
   7.6158333333333337     
   7.6375000000000002     
   7.6591666666666667     
   7.6808333333333332     
   7.7025000000000006     
   7.7458333333333336     
   7.7675000000000001     
   7.8108333333333340     
   7.8541666666666670     
   7.8975000000000000     
   7.9408333333333339     
   7.9841666666666669     
   8.0274999999999999     
   8.0925000000000011     
   8.1358333333333341     
   8.2008333333333336     
   8.2658333333333331     
   8.3308333333333344     
   8.3958333333333339     
   8.4608333333333334     
   8.5258333333333329     
   8.5908333333333342     
   8.6558333333333337     
   8.7208333333333332     
   8.7858333333333345     
   8.8508333333333340     
   8.9158333333333335     
   8.9808333333333330     
   9.0458333333333343     
   9.1108333333333338     
   9.1758333333333333     
   9.2408333333333328     
   9.2841666666666676     
   9.3491666666666671     
   9.3925000000000001     
   9.4358333333333331     
   9.4791666666666679     
   9.5225000000000009     
   9.5658333333333339     
   9.5875000000000004     
   9.6308333333333334     
   9.6524999999999999     
   9.6741666666666664     
   9.6741666666666664     
   9.6958333333333329     
   9.6958333333333329     
   9.6958333333333329     
   9.6958333333333329     
   9.6741666666666664     
   9.6741666666666664     
   9.6524999999999999     
   9.6308333333333334     
   9.5875000000000004     
   9.5658333333333339     
   9.5225000000000009     
   9.4791666666666679     
   9.4358333333333331     
   9.3925000000000001     
   9.3491666666666671     
   9.2841666666666676     
   9.2408333333333328     
   9.1758333333333333     
   9.1108333333333338     
   9.0458333333333343     
   8.9808333333333330     
   8.9158333333333335     
   8.8508333333333340     
   8.7858333333333345     
   8.7208333333333332     
   8.6558333333333337     
   8.5908333333333342     
   8.5258333333333329     
   8.4608333333333334     
   8.3958333333333339     
   8.3308333333333344     
   8.2658333333333331     
   8.2008333333333336     
   8.1358333333333341     
   8.0925000000000011     
   8.0274999999999999     
   7.9841666666666669     
   7.9408333333333339     
   7.8975000000000000     
   7.8541666666666670     
   7.8108333333333340     
   7.7675000000000001     
   7.7458333333333336     
   7.7025000000000006     
   7.6808333333333332     
   7.6591666666666667     
   7.6375000000000002     
   7.6158333333333337     
   7.6158333333333337     
   7.5941666666666672     
   7.5941666666666672     
   7.5941666666666672     
