   8.1083333333333325     
   8.1083333333333325     
   8.1083333333333325     
   8.1083333333333325     
   8.1083333333333325     
   8.1083333333333325     
   8.1250000000000000     
   8.1250000000000000     
   8.1250000000000000     
   8.1416666666666657     
   8.1416666666666657     
   8.1416666666666657     
   8.1583333333333332     
   8.1583333333333332     
   8.1750000000000007     
   8.1750000000000007     
   8.1916666666666664     
   8.2083333333333339     
   8.2083333333333339     
   8.2249999999999996     
   8.2416666666666671     
   8.2416666666666671     
   8.2583333333333329     
   8.2750000000000004     
   8.2916666666666661     
   8.2916666666666661     
   8.3083333333333336     
   8.3249999999999993     
   8.3249999999999993     
   8.3416666666666668     
   8.3583333333333325     
   8.3583333333333325     
   8.3750000000000000     
   8.3916666666666657     
   8.3916666666666657     
   8.4083333333333332     
   8.4250000000000007     
   8.4250000000000007     
   8.4416666666666664     
   8.4416666666666664     
   8.4583333333333339     
   8.4583333333333339     
   8.4583333333333339     
   8.4749999999999996     
   8.4749999999999996     
   8.4749999999999996     
   8.4749999999999996     
   8.4749999999999996     
   8.4916666666666671     
   8.4916666666666671     
   8.4916666666666671     
   8.4916666666666671     
   8.4749999999999996     
   8.4749999999999996     
   8.4749999999999996     
   8.4749999999999996     
   8.4749999999999996     
   8.4583333333333339     
   8.4583333333333339     
   8.4583333333333339     
   8.4416666666666664     
   8.4416666666666664     
   8.4250000000000007     
   8.4250000000000007     
   8.4083333333333332     
   8.3916666666666657     
   8.3916666666666657     
   8.3750000000000000     
   8.3583333333333325     
   8.3583333333333325     
   8.3416666666666668     
   8.3249999999999993     
   8.3249999999999993     
   8.3083333333333336     
   8.2916666666666661     
   8.2916666666666661     
   8.2750000000000004     
   8.2583333333333329     
   8.2416666666666671     
   8.2416666666666671     
   8.2249999999999996     
   8.2083333333333339     
   8.2083333333333339     
   8.1916666666666664     
   8.1750000000000007     
   8.1750000000000007     
   8.1583333333333332     
   8.1583333333333332     
   8.1416666666666657     
   8.1416666666666657     
   8.1416666666666657     
   8.1250000000000000     
   8.1250000000000000     
   8.1250000000000000     
   8.1083333333333325     
   8.1083333333333325     
   8.1083333333333325     
   8.1083333333333325     
   8.1083333333333325     
   8.1083333333333325     
